time,device_id,latitude,longitude,aqi,co,co2,hum,no2,o3,pm1,pm10,pm25,so2,temp
2026-08-02T18:30:00.000Z,MCT2408028,15.186944,74.096667,40.84,625.9232,480.48,93.85992439999998,17.435600000000004,12.716399999999998,6.07,21.835999999999995,13.201600000000001,1.9036000000000002,26.545274800000005
2026-08-02T18:40:00.000Z,MCT2408028,15.186944,74.096667,40.76,620.9688000000001,476.56,93.88525399999997,17.4364,12.865600000000002,5.87,21.597199999999997,13.242000000000003,2.0476,26.601902400000004
2026-08-02T18:46:15.277Z,MCT2408028,15.186944,74.096667,41,625.2160000000001,469.6666666666667,93.63938466666667,17.53533333333333,12.935333333333334,6.589999999999999,23.334000000000003,14.118666666666666,1.9800000000000002,26.69270866666666
2026-08-02T18:30:00.000Z,MCT2408020,15.543475,74.039433,21.375,180,621.9375,90.04787687499999,9.0510565625,19.22038375,5.684999999999999,17.766875,9.231874999999999,3.6599999999999984,27.204115624999996
2026-08-02T18:40:00.000Z,MCT2408020,15.543475,74.039433,21.875,180,621.5,89.87621750000001,9.389695750000001,19.406189375,5.5699999999999985,17.067500000000003,8.650625000000002,3.6599999999999984,27.2530525
2026-08-02T18:46:15.277Z,MCT2408020,15.543475,74.039433,21.8,180,629,89.94955499999999,9.308573200000001,19.635453999999996,5.57,16.402,7.9879999999999995,3.6599999999999993,27.252919
2026-08-02T18:30:00.000Z,MCT2408056,15.579167,73.920833,20.625,180,720.5,90.20142000000001,6.66375,9.664612437499999,5.453749999999999,18.214375,10.836250000000001,1.8131250000000003,27.406555625000003
2026-08-02T18:40:00.000Z,MCT2408056,15.579167,73.920833,20.75,180,720.3125,90.31824562500002,6.948124999999999,10.791959749999998,5.453749999999999,18.499374999999997,11.013125,1.648125,27.4192925
2026-08-02T18:46:15.285Z,MCT2408056,15.579167,73.920833,20.2,180,717.5,90.34552,6.683000000000002,11.7227699,5.159999999999999,17.486,10.495999999999999,1.7410000000000003,27.420229
2026-08-02T18:30:00.000Z,MCT2408057,15.272222,74.104722,29.36,329.5444,481.32,87.11767599999999,12.0088,9.4828,6.3648000000000025,19.224399999999996,10.361600000000003,2.4907999999999997,27.708733600000002
2026-08-02T18:40:00.000Z,MCT2408057,15.272222,74.104722,29.28,337.2251999999999,472.4,86.58575320000001,12.010799999999996,9.464400000000001,4.3148,13.366800000000003,7.328399999999997,2.3728,27.7911036
2026-08-02T18:46:15.284Z,MCT2408057,15.272222,74.104722,29.1875,338.54562500000003,473.9375,86.43679000000002,12.005000000000003,9.4375,3.5025,11.3775,6.433750000000001,2.2537499999999997,27.871756875000006
2026-08-02T18:30:00.000Z,MCT2408055,15.585833,73.885556,19.0625,94.619375,710.875,90.03738750000002,8.21875,29.147186250000004,5.330625000000001,15.913749999999995,9.200624999999999,1.6549999999999998,27.273164374999997
2026-08-02T18:40:00.000Z,MCT2408055,15.585833,73.885556,19.0625,95.29375,720.9375,90.08078125000003,8.259374999999999,28.928913124999998,5.375000000000002,16.035625,9.243125,1.565,27.278526250000002
2026-08-02T18:46:15.293Z,MCT2408055,15.585833,73.885556,19.2,94.08099999999999,721.7,90.224211,8.355999999999998,29.379771999999996,5.662000000000001,16.974,9.813999999999998,1.6510000000000002,27.198217999999997
2026-08-02T18:30:00.000Z,MCT2408052,15.444425,74.063856,25.9375,160,539.625,90.353530625,3.669868375000001,8,7.295624999999999,20.904374999999998,10.076249999999998,2,27.112283124999998
2026-08-02T18:40:00.000Z,MCT2408052,15.444425,74.063856,26.1875,160,562.5,90.48179937500001,3.6683773124999997,8,7.463124999999999,21.421249999999997,10.357500000000002,2,27.116975624999995
2026-08-02T18:46:15.484Z,MCT2408052,15.444425,74.063856,26.4,160,518,90.582033,3.6349474,8,7.591999999999999,21.722,10.461000000000002,2,27.111344000000003
2026-08-02T18:30:00.000Z,MCT2408053,15.263333,74.110833,45.25,218.39316250000002,602.3125,92.843095,17.3825,20.1325,4.590000000000002,14.887500000000003,9.377500000000001,7.290000000000001,26.480844375
2026-08-02T18:40:00.000Z,MCT2408053,15.263333,74.110833,47.9375,226.88696250000004,573,92.586556875,19.741875000000004,19.705000000000005,4.590000000000002,13.124999999999995,7.333124999999999,7.008750000000001,26.476822499999997
2026-08-02T18:46:15.484Z,MCT2408053,15.263333,74.110833,49.4,238.02139000000003,595,92.46115099999999,20.9,20.755999999999997,4.590000000000001,12.834,6.996,7.263,26.525754999999997
2026-08-02T18:30:00.000Z,MCT2408021,15.500556,74.053333,49.25,375,531.4375,90.48752125,21.003750000000004,14.430305000000004,2.86,8.207500000000001,4.7025,4.270625,26.707411874999995
2026-08-02T18:40:00.000Z,MCT2408021,15.500556,74.053333,49.3125,375,526.5,90.399785,21.029999999999994,14.370904374999999,2.86,8.615,5.147499999999999,4.296875000000001,26.773104375000003
2026-08-02T18:46:15.494Z,MCT2408021,15.500556,74.053333,49.2,375,538.3,90.371461,20.928,14.3416,2.86,8.522,5.046,4.264,26.8089
2026-08-02T18:30:00.000Z,MCT2408043,15.221111,74.087222,57,204.11499999999998,679.625,86.50927,24.3375,31.931875000000005,7.1237499999999985,25.18625,14.490625000000001,5.290000000000001,27.086142500000005
2026-08-02T18:40:00.000Z,MCT2408043,15.221111,74.087222,57,207.47062499999993,674.375,86.652796875,24.337500000000002,31.710624999999997,7.837499999999999,29.208750000000002,17.453125,5.290000000000001,26.702049375
2026-08-02T18:46:15.494Z,MCT2408043,15.221111,74.087222,57,205.698,651.5,88.06814499999999,24.479999999999997,32.729,7.726999999999999,28.322999999999997,16.779000000000003,5.29,26.394908000000004
2026-08-02T18:30:00.000Z,MCT2408051,15.486528,74.033889,52.0625,326.103125,552.9375,99.01861625000002,22.103749999999998,5.1899999999999995,3.7299999999999986,10.569999999999997,4.980000000000002,4.39,25.758243124999993
2026-08-02T18:40:00.000Z,MCT2408051,15.486528,74.033889,52.1875,324.96124999999995,558.5,98.995253125,22.180624999999996,5.1899999999999995,3.7299999999999986,10.569999999999997,4.980000000000002,4.39,25.803823750000003
2026-08-02T18:46:15.495Z,MCT2408051,15.486528,74.033889,52.2,323.797,555.5,99.017853,22.192999999999994,5.1899999999999995,3.7299999999999995,10.569999999999999,4.980000000000001,4.39,25.823262
2026-08-02T18:30:00.000Z,MCT2408050,15.553611,73.958333,27.875,86.02999999999999,543.375,92.44636812499998,11.566875000000003,4.173125,4.930625,16.315624999999997,8.87625,2.634375,26.6578075
2026-08-02T18:40:00.000Z,MCT2408050,15.553611,73.958333,27.875,86.02999999999999,571.625,92.57654687499998,11.606250000000003,4.181875000000001,4.824375000000001,15.617500000000003,8.3975,2.773125,26.647083125000005
2026-08-02T18:46:15.683Z,MCT2408050,15.553611,73.958333,27.7,86.02999999999999,566.5,92.58627699999998,11.562999999999999,4.11,4.750000000000001,15.201999999999998,8.075,2.725,26.664108
2026-08-02T18:30:00.000Z,MCT2408034,15.356389,74.123611,44,187.57585600000002,455.92,79.15045079999999,15.199999999999994,2.4772,6.379999999999998,17.819999999999997,8.44,1.8484000000000003,29.793691199999994
2026-08-02T18:40:00.000Z,MCT2408034,15.356389,74.123611,52.166666666666664,184.51839583333333,452.125,79.63709374999999,15.199999999999994,2.5837500000000007,17.049583333333334,53.53416666666667,28.442500000000006,1.5579166666666662,29.653015416666666
2026-08-02T18:46:15.683Z,MCT2408034,15.356389,74.123611,44,180.25746875,458.5625,79.766315,15.199999999999996,2.9206249999999994,11.790625,37.21999999999999,19.86625,1.4549999999999996,29.59380625
2026-08-02T18:30:00.000Z,MCT2408029,15.333611,74.206944,13.333333333333334,487.22247333333337,650.4,93.66176266666666,6.3679999999999986,9.527999999999999,2.9793333333333334,9.288,5.253333333333333,3.6360000000000006,26.43959666666667
2026-08-02T18:40:00.000Z,MCT2408029,15.333611,74.206944,13.3125,485.32624375,665.8125,93.56646,6.230624999999999,9.70375,3.198124999999999,10.260000000000002,5.806875000000001,3.6662500000000002,26.519051874999995
2026-08-02T18:46:15.700Z,MCT2408029,15.333611,74.206944,12.7,481.33885999999995,657,93.241639,5.5600000000000005,9.942,3.0580000000000007,9.653,5.469,3.586,26.614772
2026-08-02T18:30:00.000Z,MCT2408030,15.142519,74.075003,26.875,163.89813750000002,430.875,85.92085312500004,8.888750000000002,6.200000000000002,9.370000000000001,26.744999999999997,14.497499999999999,3.684375,27.658593749999998
2026-08-02T18:40:00.000Z,MCT2408030,15.142519,74.075003,26.266666666666666,163.87371333333334,432.53333333333336,85.94488200000002,8.907333333333334,6.200000000000002,9.370000000000001,25.732000000000003,13.442,3.703333333333333,27.672267999999995
2026-08-02T18:46:15.701Z,MCT2408030,15.142519,74.075003,26.8,164.94592,431.8,85.88842600000001,9.064000000000002,6.200000000000001,9.370000000000001,26.369000000000007,14.107000000000003,4.188000000000001,27.707659999999997
2026-08-02T18:30:00.000Z,MCT2408040,15.528056,74.020833,18.9375,100,475.875,89.07417937499999,8.025625,4.851875000000001,3.07,8.42,3.7299999999999986,3.5,27.0573175
2026-08-02T18:40:00.000Z,MCT2408040,15.528056,74.020833,18.9375,100,474.8125,89.072270625,7.958125000000001,4.793125,3.07,8.42,3.7299999999999986,3.5,27.090163125000004
2026-08-02T18:46:15.882Z,MCT2408040,15.528056,74.020833,18.9,100,471.1,89.03860699999998,7.853,4.818,3.07,8.42,3.7299999999999995,3.5,27.134938999999996
2026-08-02T18:30:00.000Z,MCT2408027,15.275556,74.1075,28.5625,1168.560625,554.3125,91.446916875,6.579999999999999,12.840000000000003,10.046874999999996,31.23687499999999,16.983125000000005,2.9500000000000006,26.82807062500001
2026-08-02T18:40:00.000Z,MCT2408027,15.275556,74.1075,24.625,1169.03625,546.1875,91.57280374999999,6.579999999999999,12.991875000000002,7.026875000000001,23.226875,13.2175,2.9500000000000006,26.808630000000008
2026-08-02T18:46:15.882Z,MCT2408027,15.275556,74.1075,23.8,1171.962,573.7,91.69058299999999,6.58,12.812000000000001,6.115,21.391,12.451999999999998,2.9499999999999997,26.811042999999994
2026-08-02T18:30:00.000Z,MCT2408044,15.313669,74.140042,26.0625,214.29,483.875,94.02803749999998,11.341874999999998,3.3406249999999997,2.8699999999999997,7.84375,4.69375,4.8047273125,26.025698125000005
2026-08-02T18:40:00.000Z,MCT2408044,15.313669,74.140042,26.2,214.29,484.6,94.18208666666666,11.366666666666665,3.4480000000000004,3.1406666666666663,9.2,5.660666666666668,4.647093866666666,26.14787533333333
2026-08-02T18:46:15.895Z,MCT2408044,15.313669,74.140042,26,214.29000000000002,474.6,93.916077,11.079000000000002,3.3529999999999993,3.0440000000000005,8.85,5.462999999999999,4.6198716,26.275862
2026-08-02T18:30:00.000Z,MCT2408049,15.475278,74.055833,56.6875,150,501.1875,88.47145499999999,24.133125000000003,11.709375,5.55875,16.804375000000004,8.774375,2.61,27.208810625
2026-08-02T18:40:00.000Z,MCT2408049,15.475278,74.055833,56.9375,150,499.5,88.28691812499999,24.35125,11.82375,4.311249999999999,13.358124999999998,7.051874999999998,2.61,27.299975624999995
2026-08-02T18:46:15.895Z,MCT2408049,15.475278,74.055833,56.4,150,495.5,88.182589,23.979999999999997,11.136000000000001,4.138,12.486999999999998,6.525,2.61,27.334429999999998
2026-08-02T18:30:00.000Z,MCT2408023,15.499722,74.020833,34.75,164.72250000000003,528.875,90.98772374999999,7.90125,19.4575,8.39375,28.495000000000005,18.578125,4.987500000000001,26.707414374999995
2026-08-02T18:40:00.000Z,MCT2408023,15.499722,74.020833,35.5625,161.91562499999998,530.125,90.988200625,8.868749999999999,18.395000000000003,8.71125,29.764374999999998,19.75625,5.220625,26.683278750000007
2026-08-02T18:46:16.061Z,MCT2408023,15.499722,74.020833,34.9,168.63500000000005,528.7,91.179413,8.679,18.469,8.743,29.002,18.85,5.146000000000001,26.716663000000004
2026-08-02T18:30:00.000Z,MCT2408037,15.394444,74.118333,24.9375,160,453.375,86.48590437499999,10.329375,218.29375,3.7199999999999993,12.879375000000003,6.561875000000001,3.8375000000000004,26.75902875
2026-08-02T18:40:00.000Z,MCT2408037,15.394444,74.118333,24.875,160,460,86.58413374999998,10.184999999999999,219.321875,3.7662499999999994,13.389375000000001,6.935,3.8843749999999995,26.7757875
2026-08-02T18:46:16.087Z,MCT2408037,15.394444,74.118333,24.9,160,451.8,86.50335700000002,10.358,218.019,3.7199999999999998,12.431000000000001,6.15,3.728,26.794957999999998
2026-08-02T18:30:00.000Z,MCT2408046,15.529167,74.07,31.2,237.04,737.32,93.64172240000002,13.628977599999999,13.96588304,5,12,5,4.1276,26.22738639999999
2026-08-02T18:40:00.000Z,MCT2408046,15.529167,74.07,31.32,237.04,750.12,93.6032704,13.675188799999995,16.101176719999998,5,12,5,3.9448000000000008,26.253554399999995
2026-08-02T18:46:16.087Z,MCT2408046,15.529167,74.07,31.3125,237.04,751,93.65324249999999,13.675820625000002,15.725184375000003,5,12,5,4.055625,26.250928750000003
2026-08-02T18:30:00.000Z,MCT2408042,15.213889,74.071667,59.5,265.604375,454.4375,91.09835124999998,24.519999999999996,15.623125000000002,7.223125,22.4575,12.241875000000002,4.42,27.080108749999997
2026-08-02T18:40:00.000Z,MCT2408042,15.213889,74.071667,58.75,274.36375,438.625,91.47648062499997,24.024375,16.689375000000002,7.450625,25.422500000000003,14.864375,4.28,27.007044999999998
2026-08-02T18:46:16.095Z,MCT2408042,15.213889,74.071667,58.7,277.50999999999993,430.8,91.82180799999999,23.958,16.755000000000003,7.3709999999999996,25.901000000000003,15.399000000000001,4.123,27.173550999999996
2026-08-02T18:30:00.000Z,MCT2408041,15.224628,74.171389,32.6875,435.80781249999995,458.25,91.86558125000002,13.718124999999999,9.7,8.090000000000002,20.25,8.900000000000002,8.158125,26.366221250000002
2026-08-02T18:40:00.000Z,MCT2408041,15.224628,74.171389,32.6875,451.28681874999995,454.875,92.18220249999999,13.656874999999998,9.7,8.090000000000002,20.25,8.900000000000002,8.291250000000002,26.244223750000003
2026-08-02T18:46:16.105Z,MCT2408041,15.224628,74.171389,32.8,455.61147,445.2,92.11553799999999,13.745999999999999,9.700000000000001,8.090000000000002,20.25,8.900000000000002,8.289,26.105329
2026-08-02T18:30:00.000Z,MCT2408033,15.346944,74.007778,21.125,116.07664374999999,488.8125,89.37982875,9.049375000000001,35.813253749999994,5.225000000000001,15.351875000000001,10.404375000000002,4.39,27.606980000000007
2026-08-02T18:40:00.000Z,MCT2408033,15.346944,74.007778,22.125,119.03961875,506.9375,89.155714375,9.869375,45.98644687500001,4.773124999999999,13.556875000000002,9.115624999999998,4.39,27.649879374999994
2026-08-02T18:46:16.254Z,MCT2408033,15.346944,74.007778,20.4,119.30968,496.5,89.24765199999999,8.407,47.28464000000001,4.909000000000001,14.001,9.41,4.39,27.551075000000004
2026-08-02T18:30:00.000Z,MCT2408024,15.148056,74.131667,41.08,217.13326,604.08,81.66662479999997,17.951748,5.337085440000001,5,15.230000000000004,8.230000000000002,2.492,28.12572519999999
2026-08-02T18:40:00.000Z,MCT2408024,15.148056,74.131667,40.666666666666664,216.82697083333326,602.5833333333334,81.7062475,17.593954583333336,5.460859,5,15.073333333333338,8.073333333333336,2.485,28.12736875
2026-08-02T18:46:16.284Z,MCT2408024,15.148056,74.131667,40.625,217.83075625000004,600.5625,81.94927812499999,17.667883125,5.4937775,5,15.740000000000004,8.739999999999998,2.486875,28.117760624999995
2026-08-02T18:30:00.000Z,MCT2408045,15.619444,73.878889,27.5625,178.11999999999995,616.8125,88.00319999999998,11.382499999999999,17.288125,3.3643750000000012,12.1225,6.538749999999999,2.5300000000000002,27.072065625
2026-08-02T18:40:00.000Z,MCT2408045,15.619444,73.878889,27.6875,178.11999999999995,633.8125,88.02561312500002,11.504375000000001,17.218125,3.4900000000000015,12.193750000000001,6.469375000000002,2.5300000000000002,27.1277
2026-08-02T18:46:16.288Z,MCT2408045,15.619444,73.878889,27.9,178.11999999999998,627.5,88.02084500000001,11.646,17.031,3.571,12.322000000000001,6.504,2.5300000000000002,27.186421000000003
2026-08-02T18:30:00.000Z,MCT2408022,15.475833,74.038889,28.5,150,439.375,91.352981875,3.921875,11.69496625,8.5,27.5625,15.5,4.2804756875,26.60954375
2026-08-02T18:40:00.000Z,MCT2408022,15.475833,74.038889,26.3125,150,447.9375,91.22566625,4.2124999999999995,11.3013925,7.125,23.0625,12.9375,4.236227875,26.706741875000002
2026-08-02T18:46:16.289Z,MCT2408022,15.475833,74.038889,25.9,150,455,91.138976,4.202,11.191667,7,22.3,12.3,4.2419323,26.738116
2026-08-02T18:30:00.000Z,MCT2408032,15.525556,73.828611,35.16,205.40599999999995,722.52,85.97601279999995,14.855600000000004,43.07160000000001,7.120000000000002,20.365999999999996,10.363200000000004,2.8240000000000003,28.8751984
2026-08-02T18:40:00.000Z,MCT2408032,15.525556,73.828611,35.56,203.88119999999998,715.6,86.03216599999998,15.181199999999999,43.2888,7.120000000000002,20.8216,10.815200000000004,2.92,28.92496199999999
2026-08-02T18:46:16.300Z,MCT2408032,15.525556,73.828611,35.5,210.905,701.1875,85.97378125000002,15.23375,42.348125,7.120000000000002,18.756249999999998,8.76,2.9450000000000003,28.985156250000003
2026-08-02T18:30:00.000Z,MCT2408036,15.171567,74.067106,36.1875,120,435.8125,90.72927937499999,9.812500000000002,7.506874999999999,4.375625,14.880624999999997,8.993125000000001,11.056250000000002,27.71288875
2026-08-02T18:40:00.000Z,MCT2408036,15.171567,74.067106,35.5,120,433.5,90.48704562500002,10.129375,7.85375,4.1775,14.1525,8.486875,10.766874999999999,27.885832500000003
2026-08-02T18:46:16.453Z,MCT2408036,15.171567,74.067106,35.6,120,436.8,90.152497,10.209999999999999,8.338,4.734999999999999,15.4,8.917,10.777000000000001,27.994023000000006
2026-08-02T18:30:00.000Z,MCT2408031,15.290833,74.149167,18.0625,178.84043750000004,533.8125,87.727110625,7.0651655625,10.017437125,5.803749999999999,14.945625,8.036249999999999,4.873749999999999,26.328012499999996
2026-08-02T18:40:00.000Z,MCT2408031,15.290833,74.149167,17.9375,172.2993375,531.0625,88.25926249999999,7.012378375,10.702567812500003,5.685625,15.108125,8.333124999999999,5.424999999999999,26.175179999999997
2026-08-02T18:46:16.477Z,MCT2408031,15.290833,74.149167,17.7,177.94567,525.4,88.60983300000001,6.8201011000000005,13.531859,5.9030000000000005,16.131999999999998,9.187999999999997,5.14,26.078518000000003
2026-08-02T18:30:00.000Z,MCT2408035,15.236111,74.125,48.75,190,576.0625,91.19896375,19.530086249999997,55.06460500000002,3.799999999999999,10.19,4.909999999999998,3.8299999999999987,26.587425000000007
2026-08-02T18:40:00.000Z,MCT2408035,15.236111,74.125,47.4375,190,573.75,91.22137375000001,18.404713749999996,51.129933124999994,3.799999999999999,10.19,4.909999999999998,3.8299999999999987,26.5425125
2026-08-02T18:46:16.480Z,MCT2408035,15.236111,74.125,48.5,190,592.4,91.38769500000001,19.300593999999997,52.613129,3.8,10.19,4.909999999999999,3.829999999999999,26.423868
2026-08-02T18:30:00.000Z,MCT2408039,15.163611,74.110833,29,310.3793749999999,481.8125,86.31948812500002,10.656249999999998,10.3,9.019999999999998,28.94,11.759999999999998,2.3,27.293943125
2026-08-02T18:40:00.000Z,MCT2408039,15.163611,74.110833,29,336.01625,475.3125,86.33284062499999,10.415624999999999,10.3,9.019999999999998,28.94,11.759999999999998,2.3,27.235623749999995
2026-08-02T18:46:16.486Z,MCT2408039,15.163611,74.110833,29,355.255,469.6,86.69866900000001,10.870000000000001,10.299999999999999,9.019999999999998,28.940000000000005,11.760000000000002,2.3000000000000003,27.186422
2026-08-02T18:30:00.000Z,MCT2408038,15.188889,74.055556,34.0625,346.6031249999999,651.3125,91.0134725,14.00625,13.330000000000005,10.529999999999998,32.121874999999996,16.911875,4.758125000000001,27.7209325
2026-08-02T18:40:00.000Z,MCT2408038,15.188889,74.055556,34.3125,355.81125,647.9375,90.83370624999998,14.2275,13.330000000000005,9.328749999999998,27.272499999999994,13.98625,4.736875,27.684734999999996
2026-08-02T18:46:16.493Z,MCT2408038,15.188889,74.055556,34.8,363.213,585.5,91.00927699999997,14.479,13.330000000000002,9.227999999999998,28.328999999999997,15.044999999999998,4.708,27.695863000000003
2026-08-02T19:10:00.000Z,MCT2408028,15.186944,74.096667,40.666666666666664,616.9127777777777,474.8333333333333,93.75179055555556,17.327777777777783,12.708333333333334,7.1566666666666645,24.360000000000003,14.359444444444442,2.0583333333333336,26.72059555555556
2026-08-02T19:20:00.000Z,MCT2408028,15.186944,74.096667,40.8,611.0555999999999,484.52,93.76715,17.393600000000006,12.553200000000002,7.510000000000002,25.097200000000008,14.594000000000001,1.8427999999999998,26.76063839999999
2026-08-02T19:30:00.000Z,MCT2408028,15.186944,74.096667,40.88,615.0292000000001,483.08,93.89684879999997,17.432000000000002,12.6224,8.030000000000003,27.922400000000007,16.701600000000003,2.1072,26.8339964
2026-08-02T19:40:00.000Z,MCT2408028,15.186944,74.096667,40.72,609.5360000000001,491.08,93.9932856,17.394400000000005,12.4876,8.07,27.006800000000013,15.628400000000001,1.9291999999999998,26.798389600000014
2026-08-02T19:50:00.000Z,MCT2408028,15.186944,74.096667,40.52,610.2820000000002,491.64,93.98504639999999,17.242800000000003,12.619599999999998,8.550000000000002,28.99480000000001,16.900399999999994,1.9607999999999999,26.845579600000004
2026-08-02T20:00:00.000Z,MCT2408028,15.186944,74.096667,40.791666666666664,605.8670833333333,498.4583333333333,93.92535874999999,17.434583333333336,12.58625,8.615000000000002,29.043333333333337,16.817916666666672,1.8949999999999996,26.914094583333334
2026-08-02T20:02:34.417Z,MCT2408028,15.186944,74.096667,41,609.6171428571428,495.2857142857143,93.82953857142856,17.47,12.002857142857142,7.561428571428572,26.561428571428568,15.905714285714284,2.1028571428571428,26.94326857142857
2026-08-02T19:10:00.000Z,MCT2408020,15.543475,74.039433,21.75,180,634.5833333333334,89.92564833333334,9.377341750000001,19.60293833333333,5.57,16.30916666666667,7.8950000000000005,3.659999999999999,27.38197749999999
2026-08-02T19:20:00.000Z,MCT2408020,15.543475,74.039433,21.75,180,625.75,89.76272937499999,9.2530178125,19.837808125,5.5699999999999985,15.898750000000003,7.488125000000002,3.6599999999999984,27.43805937499999
2026-08-02T19:30:00.000Z,MCT2408020,15.543475,74.039433,21.6875,180,622,89.86096,9.30503575,19.99391,5.5699999999999985,15.840000000000002,7.430000000000003,3.6599999999999984,27.41057750000001
2026-08-02T19:40:00.000Z,MCT2408020,15.543475,74.039433,21.5,180,635,90.00877687499998,9.246385312500001,19.787902499999994,5.5699999999999985,15.840000000000002,7.430000000000003,3.6599999999999984,27.346897499999994
2026-08-02T19:50:00.000Z,MCT2408020,15.543475,74.039433,21.875,180,631.5,90.03929499999998,9.4699338125,19.931975624999996,5.5699999999999985,15.840000000000002,7.430000000000003,3.6599999999999984,27.342875625
2026-08-02T20:00:00.000Z,MCT2408020,15.543475,74.039433,21.375,180,636.8125,90.09317937499998,9.1052856875,19.760721874999994,5.5699999999999985,15.898750000000001,7.488125000000002,3.6599999999999984,27.379072500000003
2026-08-02T20:02:34.417Z,MCT2408020,15.543475,74.039433,21.75,180,637.75,90.05408,9.313879,19.7284925,5.57,15.84,7.43,3.66,27.41058
2026-08-02T19:10:00.000Z,MCT2408056,15.579167,73.920833,19.833333333333332,180,729.1666666666666,90.62882416666667,6.982500000000001,10.735132583333332,5.238333333333332,17.986666666666668,10.935,1.7233333333333334,27.43381583333333
2026-08-02T19:20:00.000Z,MCT2408056,15.579167,73.920833,19.625,180,736.875,90.6377275,6.901875,15.55164275,4.983749999999999,17.245625,10.602500000000001,2.04375,27.438731875
2026-08-02T19:30:00.000Z,MCT2408056,15.579167,73.920833,20.4375,180,734.8125,90.56095625,6.879375,10.1914609375,5.453749999999999,18.784374999999997,11.480000000000002,1.8349999999999997,27.450126249999997
2026-08-02T19:40:00.000Z,MCT2408056,15.579167,73.920833,20.6,180,734.2,90.74173999999998,6.963333333333334,10.715023066666667,5.880666666666666,19.673999999999996,11.558000000000002,2.014,27.407716666666673
2026-08-02T19:50:00.000Z,MCT2408056,15.579167,73.920833,20.9375,180,733.5625,90.84038062500001,6.7543750000000005,11.712148124999999,5.80625,20.038124999999997,12.125625000000003,2.4056249999999997,27.450126249999997
2026-08-02T20:00:00.000Z,MCT2408056,15.579167,73.920833,22.625,180,730.4375,90.63534312499998,6.7425,9.429430625,7.098749999999999,23.338749999999997,13.823750000000002,2.158125,27.519837500000005
2026-08-02T20:02:34.429Z,MCT2408056,15.579167,73.920833,21.4,180,733.6,90.51336599999999,6.796000000000001,9.197652600000001,6.194,20.583999999999996,12.184000000000001,2.064,27.552146
2026-08-02T19:10:00.000Z,MCT2408057,15.272222,74.104722,29.555555555555557,337.37166666666667,474.94444444444446,86.69375277777779,12.147777777777778,9.217777777777778,3.6438888888888883,12.312777777777777,7.104444444444445,2.2838888888888893,27.84732666666667
2026-08-02T19:20:00.000Z,MCT2408057,15.272222,74.104722,29.76,329.1412,472.52,86.61444040000002,12.221999999999998,9.285200000000001,3.3875999999999995,11.6468,6.797999999999998,2.3392,27.821136000000006
2026-08-02T19:30:00.000Z,MCT2408057,15.272222,74.104722,29.68,332.28,472.84,86.4789428,12.210799999999999,9.202800000000002,3.554799999999999,11.7368,6.6415999999999995,2.2856,27.867895599999994
2026-08-02T19:40:00.000Z,MCT2408057,15.272222,74.104722,29.48,332.5132000000001,472.88,85.9961548,12.1176,9.188,3.5776,11.6456,6.5531999999999995,2.2104000000000004,28.0922632
2026-08-02T19:50:00.000Z,MCT2408057,15.272222,74.104722,29.32,335.42040000000003,480.6,85.01013040000002,12.054400000000003,9.2372,4.029599999999999,13.0032,7.352399999999999,2.0616,28.46292480000001
2026-08-02T20:00:00.000Z,MCT2408057,15.272222,74.104722,29.576923076923077,331.0696153846154,485.7307692307692,84.62987000000001,12.155,9.136153846153848,4.172692307692307,13.07038461538461,7.302692307692307,2.2199999999999998,28.63282423076923
2026-08-02T20:02:34.429Z,MCT2408057,15.272222,74.104722,29.333333333333332,343.335,480.6666666666667,84.90932,12.085,9.235,4.171666666666667,13.568333333333333,7.751666666666666,2.23,28.540288333333336
2026-08-02T19:10:00.000Z,MCT2408055,15.585833,73.885556,19.083333333333332,93.03250000000001,729.4166666666666,90.41838249999999,8.315833333333334,31.568066666666667,5.476666666666667,16.723333333333333,9.824166666666665,1.4908333333333335,27.095079166666668
2026-08-02T19:20:00.000Z,MCT2408055,15.585833,73.885556,19.2,93.58333333333334,726.8666666666667,90.42283333333333,8.413333333333332,29.22264733333333,5.7313333333333345,16.842666666666666,9.586666666666668,1.6120000000000003,27.133867333333335
2026-08-02T19:30:00.000Z,MCT2408055,15.585833,73.885556,19.4375,92.96062499999998,727.625,90.396448125,8.511249999999999,29.66483875,5.765625000000001,17.55875,10.309375,1.6125000000000003,27.173952499999995
2026-08-02T19:40:00.000Z,MCT2408055,15.585833,73.885556,19.3125,93.15750000000001,734.8125,90.49086062500001,8.492500000000001,29.365460000000002,5.854375000000001,17.804374999999997,10.3525,1.5568750000000002,27.151832500000005
2026-08-02T19:50:00.000Z,MCT2408055,15.585833,73.885556,19.1875,90.65,743.25,90.45510062499997,8.416875000000001,30.857586875,5.418750000000002,16.11875,9.243749999999999,1.46125,27.200093750000004
2026-08-02T20:00:00.000Z,MCT2408055,15.585833,73.885556,19.25,93.52875,737.8125,90.48132625,8.39625,30.59876,5.722500000000002,17.229374999999997,10.009374999999999,1.5350000000000001,27.180653749999998
2026-08-02T20:02:34.444Z,MCT2408055,15.585833,73.885556,19,95.4825,727.75,90.5881325,8.4,30.8778625,5.244999999999999,15.459999999999999,8.86,1.6925,27.123679999999997
2026-08-02T19:10:00.000Z,MCT2408053,15.263333,74.110833,48.75,240.316725,576.75,92.14357625,20.3725,22.61125,4.59,13.00375,7.193749999999999,6.99375,26.572677499999998
2026-08-02T19:30:00.000Z,MCT2408053,15.263333,74.110833,47.63636363636363,223.43979090909096,565.8181818181819,89.79745363636363,19.476363636363633,22.267272727272726,4.673636363636365,14.495454545454548,8.718181818181819,6.9018181818181805,27.297478181818178
2026-08-02T19:40:00.000Z,MCT2408053,15.263333,74.110833,46.9375,225.92835625,608.1875,90.612930625,18.954375000000002,23.116875000000004,4.590000000000002,14.158125,8.529375,6.854374999999999,27.04324125
2026-08-02T19:50:00.000Z,MCT2408053,15.263333,74.110833,47.4375,212.764625,567.5625,91.77879625000001,19.375,22.830000000000002,4.590000000000002,13.976249999999999,8.31875,6.8775,26.818686250000003
2026-08-02T20:00:00.000Z,MCT2408053,15.263333,74.110833,44.9375,225.6918625,597,92.247050625,17.196875,24.583750000000006,4.590000000000002,14.400000000000002,8.81125,6.926875000000001,26.727521875000004
2026-08-02T20:02:34.618Z,MCT2408053,15.263333,74.110833,49.75,227.666125,627.25,92.39439250000001,21.175,24.2025,4.59,13.855,8.18,6.6425,26.71613
2026-08-02T19:10:00.000Z,MCT2408052,15.444425,74.063856,25.833333333333332,160,520.1666666666666,90.62628083333333,3.741286666666667,8,7.134999999999999,20.544166666666666,9.954166666666666,2,27.188923333333335
2026-08-02T19:20:00.000Z,MCT2408052,15.444425,74.063856,25.9375,160,576.75,90.37641687499999,3.73052625,8,7.126249999999998,20.515625,9.96875,2,27.242327500000002
2026-08-02T19:30:00.000Z,MCT2408052,15.444425,74.063856,26.1875,160,547.3125,90.51184,3.733508875000001,8,7.378124999999999,21.204375000000002,10.291875000000001,2,27.216180624999996
2026-08-02T19:40:00.000Z,MCT2408052,15.444425,74.063856,25.75,160,558.125,90.5724025,3.8546052500000005,8,7.001249999999998,20.235625,9.859999999999998,2,27.220203125
2026-08-02T19:50:00.000Z,MCT2408052,15.444425,74.063856,25.8125,160.18968125,594,90.57240124999998,4.087675375000001,8.8274,7.0856249999999985,20.581249999999997,10.055,2,27.205458125
2026-08-02T20:00:00.000Z,MCT2408052,15.444425,74.063856,26,160,610.1875,90.6434475,4.066579,8.886208125000001,7.252499999999999,20.840625000000003,10.098124999999998,2,27.175961250000004
2026-08-02T20:02:34.618Z,MCT2408052,15.444425,74.063856,26,160,512.5,90.67969,4.6289472499999995,10.5263725,7.1899999999999995,20.7725,10.0975,2,27.17462
2026-08-02T19:10:00.000Z,MCT2408043,15.221111,74.087222,57.083333333333336,200.06083333333333,670.5,88.24591083333335,24.44916666666667,33.11083333333334,8.023333333333332,30.682500000000005,18.7875,5.29,26.908285000000003
2026-08-02T19:20:00.000Z,MCT2408043,15.221111,74.087222,57,198.41875,680.25,87.98126624999998,24.366249999999997,33.237500000000004,8.155,31.300000000000004,19.21625,5.290000000000001,27.041900000000002
2026-08-02T19:30:00.000Z,MCT2408043,15.221111,74.087222,57,200.92562500000003,678.875,87.73807875,24.385625,33.184375,8.155624999999999,30.5775,18.334375,5.290000000000001,27.18132875
2026-08-02T19:40:00.000Z,MCT2408043,15.221111,74.087222,57,205.40642857142856,700.4285714285714,87.40558642857145,24.385714285714283,33.39785714285715,7.509285714285713,27.12714285714286,15.82714285714286,5.29,27.235145714285714
2026-08-02T19:50:00.000Z,MCT2408043,15.221111,74.087222,57.416666666666664,188.12583333333336,694.0833333333334,86.95781416666665,24.412499999999994,33.14000000000001,15.199166666666668,46.134166666666665,23.912500000000005,5.29,27.33371583333333
2026-08-02T20:00:00.000Z,MCT2408043,15.221111,74.087222,57,199.514,686.1333333333333,86.4942,24.340666666666664,33.500666666666675,14.099333333333336,42.14333333333333,21.43666666666667,5.290000000000001,27.452046666666664
2026-08-02T20:02:34.629Z,MCT2408043,15.221111,74.087222,57,203.58,684.3333333333334,86.24701,24.349999999999998,33.6,14.353333333333333,45.06333333333333,23.91333333333333,5.29,27.524976666666664
2026-08-02T19:10:00.000Z,MCT2408051,15.486528,74.033889,52,322.5708333333333,558.8333333333334,99.16992999999998,22.069999999999997,5.1899999999999995,3.729999999999999,10.569999999999999,4.980000000000001,4.39,25.904592500000003
2026-08-02T19:20:00.000Z,MCT2408051,15.486528,74.033889,52,322.06733333333335,552.3333333333334,99.21036733333332,22.069999999999997,5.1899999999999995,3.7299999999999986,10.569999999999997,4.980000000000002,4.39,25.958398000000006
2026-08-02T19:30:00.000Z,MCT2408051,15.486528,74.033889,52.1875,321.086875,559.375,99.16643500000002,22.180625,5.1899999999999995,3.7299999999999986,10.569999999999997,4.980000000000002,4.39,25.979444375
2026-08-02T19:40:00.000Z,MCT2408051,15.486528,74.033889,52,314.97875,569.75,99.08728000000002,22.066874999999996,5.1899999999999995,3.7299999999999986,10.569999999999997,4.980000000000002,4.39,25.953303125000005
2026-08-02T19:50:00.000Z,MCT2408051,15.486528,74.033889,52.125,316.07375,576.375,99.11303062500002,22.140625,5.1899999999999995,3.7299999999999986,10.569999999999997,4.980000000000002,4.39,25.945929375
2026-08-02T20:00:00.000Z,MCT2408051,15.486528,74.033889,52.0625,313.86875000000003,577.875,99.12733437499999,22.106874999999995,5.1899999999999995,3.7299999999999986,10.569999999999997,4.980000000000002,4.39,25.969390000000004
2026-08-02T20:02:34.634Z,MCT2408051,15.486528,74.033889,52,313.45199999999994,568.2,99.13153199999999,22.07,5.19,3.7299999999999995,10.57,4.98,4.39,25.969122
2026-08-02T19:10:00.000Z,MCT2408021,15.500556,74.053333,49.166666666666664,375,532.8333333333334,90.46415833333334,20.944999999999997,14.155479166666666,2.86,7.609999999999999,4.05,4.22,26.822485
2026-08-02T19:20:00.000Z,MCT2408021,15.500556,74.053333,49.25,375,536.4375,90.597671875,20.995,14.122168125,2.86,7.801874999999999,4.259375,4.308125,26.802598750000005
2026-08-02T19:30:00.000Z,MCT2408021,15.500556,74.053333,49.125,375,539.375,90.63391124999998,20.891875,14.25552875,2.86,8.181875,4.674375,4.2775,26.805280624999995
2026-08-02T19:40:00.000Z,MCT2408021,15.500556,74.053333,49.125,375,537.25,90.59433437499999,20.8425,14.139014374999999,3.1856249999999995,10.623749999999998,6.963125,4.2250000000000005,26.824050624999995
2026-08-02T19:50:00.000Z,MCT2408021,15.500556,74.053333,49.1875,375,543.9375,90.46701999999999,20.89375,14.22411875,4.10875,12.796875,8.125625000000001,4.289375000000001,26.877674374999998
2026-08-02T20:00:00.000Z,MCT2408021,15.500556,74.053333,49.06666666666667,375,545,90.47674666666666,20.805999999999997,14.155784000000004,2.8913333333333333,9.248,5.806666666666666,4.245333333333334,26.89005333333333
2026-08-02T20:02:34.628Z,MCT2408021,15.500556,74.053333,49,375,546,90.54808249999999,20.81,14.0987425,2.86,8.695,5.234999999999999,4.1825,26.87432
2026-08-02T19:10:00.000Z,MCT2408050,15.553611,73.958333,27.916666666666668,86.02999999999999,571.5833333333334,92.87250083333332,11.556666666666665,4.026666666666666,4.8066666666666675,15.885833333333332,8.716666666666667,2.839166666666666,26.647305
2026-08-02T19:20:00.000Z,MCT2408050,15.553611,73.958333,27.733333333333334,86.02999999999999,577.4,92.74521866666664,11.450000000000001,4.186000000000001,4.863333333333333,15.858666666666664,8.616666666666667,2.7460000000000004,26.72703
2026-08-02T19:30:00.000Z,MCT2408050,15.553611,73.958333,27.6875,86.02999999999999,563.5625,92.6933725,11.502500000000001,4.229375,5.249375000000001,17.119999999999997,9.196875,2.8287500000000003,26.776458124999998
2026-08-02T19:40:00.000Z,MCT2408050,15.553611,73.958333,27.625,86.02999999999999,559.5,92.79732187499998,11.480625000000002,4.0225,5.036875,16.4225,8.876875,2.7118749999999996,26.74495249999999
2026-08-02T19:50:00.000Z,MCT2408050,15.553611,73.958333,27.6875,86.02999999999999,565.125,92.82020874999999,11.514375000000001,4.0175,5.461875,17.816250000000004,9.678125000000001,2.63,26.797908125000006
2026-08-02T20:00:00.000Z,MCT2408050,15.553611,73.958333,27.8125,86.02999999999999,574.0625,92.85787624999998,11.478750000000002,3.90875,4.8774999999999995,15.886875,8.61,2.801875,26.820029374999994
2026-08-02T20:02:34.818Z,MCT2408050,15.553611,73.958333,27.5,86.03,585,92.846435,11.395,3.855,4.665,16.1,9.1425,3.1075,26.8207
2026-08-02T19:10:00.000Z,MCT2408034,15.356389,74.123611,46.22222222222222,180,463.44444444444446,80.32659944444444,15.199999999999996,3.346666666666666,15.747222222222225,49.598888888888894,26.304999999999996,1.3666666666666663,29.613394444444445
2026-08-02T19:20:00.000Z,MCT2408034,15.356389,74.123611,44,180,465.875,80.30434583333333,15.199999999999994,3.577916666666667,11.545,36.81000000000001,19.7675,1.3575,29.661953333333333
2026-08-02T19:30:00.000Z,MCT2408034,15.356389,74.123611,43.44,180,459.16,80.10778839999998,15.199999999999994,3.4167999999999994,9.149200000000002,30.048000000000005,16.654,1.422,29.718617200000004
2026-08-02T19:40:00.000Z,MCT2408034,15.356389,74.123611,43,186.039388,467.28,79.94299159999998,15.199999999999994,3.3523999999999994,9.113999999999999,28.923200000000005,15.603599999999997,1.2927999999999997,29.7786768
2026-08-02T19:50:00.000Z,MCT2408034,15.356389,74.123611,43.291666666666664,180,469.7083333333333,79.81256958333329,15.199999999999994,3.5999999999999996,7.708749999999998,24.891666666666662,13.596666666666664,1.3845833333333333,29.873772500000005
2026-08-02T20:00:00.000Z,MCT2408034,15.356389,74.123611,43.48,183.34834800000002,471.44,79.70617839999998,15.199999999999994,4.090799999999999,8.822399999999996,27.23320000000001,14.288799999999998,1.3912,29.91166760000001
2026-08-02T20:02:34.819Z,MCT2408034,15.356389,74.123611,43,190.26700000000002,465.85714285714283,79.56693,15.200000000000001,3.2671428571428573,6.380000000000001,18.62285714285714,9.242857142857144,1.7242857142857144,29.930972857142855
2026-08-02T19:10:00.000Z,MCT2408023,15.499722,74.020833,36.18181818181818,162.29181818181817,519.8181818181819,90.98139363636363,8.809090909090907,18.87818181818182,8.755454545454544,30.39636363636364,20.563636363636363,5.31,26.82947272727273
2026-08-02T19:20:00.000Z,MCT2408023,15.499722,74.020833,35.9375,161.0275,528.3125,90.97866187499999,7.9125000000000005,19.101875,9.028749999999999,30.475000000000005,20.209375000000005,5.114999999999999,26.876332499999993
2026-08-02T19:30:00.000Z,MCT2408023,15.499722,74.020833,35.1875,172.89374999999998,526.5,90.86803937500001,8.321875,19.635624999999997,8.235624999999999,28.655625000000004,19.121875,5.559375000000001,26.885718750000002
2026-08-02T19:40:00.000Z,MCT2408023,15.499722,74.020833,36.3125,167.39687499999997,539,90.81654187499998,8.580000000000002,18.47375,9.344999999999997,31.186875,20.390625,5.402500000000002,26.858233750000004
2026-08-02T19:50:00.000Z,MCT2408023,15.499722,74.020833,37.375,152.26125000000002,545.125,91.03349999999999,7.721874999999999,20.38375,9.821874999999999,33.086875,21.750000000000004,5.517500000000001,26.838795
2026-08-02T20:00:00.000Z,MCT2408023,15.499722,74.020833,40.9375,150.51,538,91.05734125000001,8.703125000000002,18.597500000000004,12.038749999999997,39.65562499999999,26.009375000000002,5.3,26.852203125000006
2026-08-02T20:02:34.827Z,MCT2408023,15.499722,74.020833,42.5,150.51,531,91.04589999999999,8.604999999999999,19.0675,13.622499999999999,44.0125,27.9125,5.3175,26.8636
2026-08-02T19:10:00.000Z,MCT2408030,15.142519,74.075003,26.636363636363637,166.2207454545455,425.72727272727275,85.74832545454544,8.864545454545457,6.200000000000002,9.370000000000001,26.37818181818182,14.114545454545457,4.151818181818181,27.70502818181819
2026-08-02T19:20:00.000Z,MCT2408030,15.142519,74.075003,26.4375,167.11171874999997,431.5,85.74156249999999,8.894375,6.200000000000002,9.370000000000001,25.834375,13.549375,4.228750000000001,27.674009999999996
2026-08-02T19:30:00.000Z,MCT2408030,15.142519,74.075003,26.4,166.22904000000003,431.2,85.75720333333332,8.916666666666668,6.200000000000002,9.370000000000001,25.731999999999996,13.443333333333333,4.407333333333333,27.652962666666657
2026-08-02T19:40:00.000Z,MCT2408030,15.142519,74.075003,26.1875,167.38696249999998,440.75,85.74156249999999,8.767499999999998,6.200000000000002,9.370000000000001,25.20874999999999,12.899375000000001,4.091875,27.654569999999993
2026-08-02T19:50:00.000Z,MCT2408030,15.142519,74.075003,26.375,167.48639374999996,435.625,85.74823875,8.7675,6.200000000000002,9.370000000000001,25.606874999999995,13.313125,4,27.62977
2026-08-02T20:00:00.000Z,MCT2408030,15.142519,74.075003,26.133333333333333,166.20473333333337,442.6666666666667,85.74194400000002,8.761333333333335,6.200000000000002,9.370000000000001,25.185999999999996,12.876000000000001,4.001333333333333,27.603627333333336
2026-08-02T20:02:34.826Z,MCT2408030,15.142519,74.075003,26.25,166.834225,446.75,85.72821,8.955,6.2,9.37,25.7775,13.49,4.31,27.60899
2026-08-02T19:10:00.000Z,MCT2408029,15.333611,74.206944,12.833333333333334,480.84250000000003,661.1666666666666,94.11545666666667,5.397499999999998,9.189166666666665,2.94,8.67,4.71,3.799166666666667,26.419398333333334
2026-08-02T19:20:00.000Z,MCT2408029,15.333611,74.206944,12.4375,485.68169375,651.375,93.97081562499997,4.707499999999999,8.605625,2.9399999999999995,8.67,4.709999999999999,3.574375,26.523075
2026-08-02T19:30:00.000Z,MCT2408029,15.333611,74.206944,12.5,487.06243125,652.8125,94.03375875,4.5337499999999995,8.259999999999998,2.9399999999999995,8.67,4.709999999999999,3.5,26.599489375000005
2026-08-02T19:40:00.000Z,MCT2408029,15.333611,74.206944,12,488.31996875,658.9375,93.9178875,4.1274999999999995,7.80625,2.9399999999999995,8.67,4.709999999999999,3.5,26.68596
2026-08-02T19:50:00.000Z,MCT2408029,15.333611,74.206944,12.5625,481.19548749999996,660,93.729538125,4.019374999999999,7.550625,2.9399999999999995,8.67,4.709999999999999,3.5,26.759028125
2026-08-02T20:00:00.000Z,MCT2408029,15.333611,74.206944,12.1875,478.31955625,673.9375,93.630355625,3.7668749999999998,7.38625,2.9399999999999995,8.67,4.709999999999999,3.5,26.771763749999995
2026-08-02T20:02:34.827Z,MCT2408029,15.333611,74.206944,12,485.337675,678.5,93.66087250000001,2.33,7.25,2.94,8.67,4.71,3.5,26.76707
2026-08-02T19:10:00.000Z,MCT2408040,15.528056,74.020833,18.818181818181817,100,482.72727272727275,88.99497727272728,7.882727272727274,4.875454545454546,3.07,8.42,3.7299999999999995,3.5,27.222400000000004
2026-08-02T19:20:00.000Z,MCT2408040,15.528056,74.020833,18.875,100,479.3125,89.0069425,7.991875000000001,4.91875,3.07,8.42,3.7299999999999986,3.5,27.275175
2026-08-02T19:30:00.000Z,MCT2408040,15.528056,74.020833,19.1875,100,484.875,89.06130437499999,8.31875,4.920000000000001,3.07,8.42,3.7299999999999986,3.5,27.241658750000006
2026-08-02T19:40:00.000Z,MCT2408040,15.528056,74.020833,18.875,100,498.1875,89.06321125,8.0375,4.919375000000001,3.07,8.42,3.7299999999999986,3.5,27.26512
2026-08-02T19:50:00.000Z,MCT2408040,15.528056,74.020833,18.875,100,491.4375,89.02029499999999,7.930625000000001,4.923125000000001,3.07,8.42,3.7299999999999986,3.5,27.32410625
2026-08-02T20:00:00.000Z,MCT2408040,15.528056,74.020833,19.1875,100,488.5,88.98691499999998,8.223125,4.890625000000001,3.07,8.42,3.7299999999999986,3.5,27.343545625000004
2026-08-02T20:02:35.021Z,MCT2408040,15.528056,74.020833,19,100,491,88.89441,8.190000000000001,4.925,3.07,8.42,3.73,3.5,27.394489999999998
2026-08-02T19:10:00.000Z,MCT2408027,15.275556,74.1075,23.272727272727273,1165.6945454545455,572.1818181818181,91.46482272727272,6.579999999999999,12.802727272727276,6.006363636363637,20.16363636363636,11.58909090909091,2.9499999999999997,26.92502454545455
2026-08-02T19:20:00.000Z,MCT2408027,15.275556,74.1075,23.1875,1164.8312500000002,548.75,91.32151062500002,6.579999999999999,12.741875000000004,5.793750000000001,19.898125,11.549375,2.9500000000000006,26.956100624999994
2026-08-02T19:30:00.000Z,MCT2408027,15.275556,74.1075,22.75,1170.146875,552.125,91.142695625,6.579999999999999,12.710000000000004,5.548750000000002,19.15875,11.054999999999998,2.9500000000000006,26.96347375
2026-08-02T19:40:00.000Z,MCT2408027,15.275556,74.1075,22.5625,1168.86625,563.125,91.18036875000003,6.579999999999999,12.710000000000004,5.485625000000001,18.850625,10.993749999999999,2.9500000000000006,26.981571249999995
2026-08-02T19:50:00.000Z,MCT2408027,15.275556,74.1075,22.625,1169.86125,570.5,91.20373312500004,6.579999999999999,12.775625000000005,5.670625,19.281250000000004,11.117500000000001,2.9500000000000006,26.97822124999999
2026-08-02T20:00:00.000Z,MCT2408027,15.275556,74.1075,23.25,1159.615,579.5625,91.09310750000002,6.579999999999999,12.741875000000006,5.979375000000001,20.391249999999996,11.673750000000002,2.9500000000000006,27.045251874999995
2026-08-02T20:02:35.021Z,MCT2408027,15.275556,74.1075,23,1166.6475,548.25,91.1069325,6.58,12.71,6.1625,20.4525,11.6125,2.95,27.04056
2026-08-02T19:10:00.000Z,MCT2408044,15.313669,74.140042,26,214.29,483.8333333333333,93.62272666666668,11.130833333333333,3.32,3.2083333333333335,9.541666666666666,5.904166666666668,4.9118587499999995,26.363092500000004
2026-08-02T19:20:00.000Z,MCT2408044,15.313669,74.140042,25.933333333333334,214.29,491,93.730428,11.052666666666664,3.32,3.4093333333333335,10.066666666666666,6.273333333333335,4.417948533333333,26.350938000000003
2026-08-02T19:30:00.000Z,MCT2408044,15.313669,74.140042,26,214.29,498.26666666666665,93.24011266666666,11.080000000000002,3.32,2.8699999999999997,7.6,4.428666666666667,4.658375933333333,26.471772666666666
2026-08-02T19:40:00.000Z,MCT2408044,15.313669,74.140042,26.0625,214.29,491.9375,93.20692437500001,11.27375,3.32,2.9425,8.125,4.863124999999999,4.4855768125,26.463415000000005
2026-08-02T19:50:00.000Z,MCT2408044,15.313669,74.140042,26,214.29,489.6666666666667,93.54630333333336,11.192,3.32,2.9086666666666665,8.266666666666667,5.0793333333333335,4.749316066666667,26.380253333333332
2026-08-02T20:00:00.000Z,MCT2408044,15.313669,74.140042,26,214.29,488.625,93.66182750000002,11.053749999999999,3.32,2.8699999999999997,8.40625,5.305000000000001,4.58173075,26.380968125000003
2026-08-02T20:02:35.034Z,MCT2408044,15.313669,74.140042,26,214.29,489.5,93.6456125,10.887500000000001,3.32,2.87,8,4.8625,4.68237175,26.38097
2026-08-02T19:10:00.000Z,MCT2408049,15.475278,74.055833,56.36363636363637,150,507.8181818181818,88.25145909090908,24.000909090909094,11.337272727272728,3.899999999999999,11.41909090909091,5.930000000000001,2.61,27.35987636363637
2026-08-02T19:20:00.000Z,MCT2408049,15.475278,74.055833,56.5625,150,509,88.30933249999998,24.258749999999996,11.459999999999999,3.878124999999999,11.489374999999999,6.043749999999999,2.61,27.367006249999996
2026-08-02T19:30:00.000Z,MCT2408049,15.475278,74.055833,56.5625,150.758175,506.9375,88.33078812499998,24.10875,11.032499999999999,3.926249999999999,11.825624999999997,6.284374999999999,2.61,27.345556874999996
2026-08-02T19:40:00.000Z,MCT2408049,15.475278,74.055833,56.5625,150,512.3125,88.38514687499998,24.17375,10.556875,3.8299999999999987,11.442499999999999,6.091875,2.61,27.345556874999993
2026-08-02T19:50:00.000Z,MCT2408049,15.475278,74.055833,56.625,150,519.6875,88.51866249999999,24.107499999999995,10.961250000000001,3.878124999999999,11.63375,6.1881249999999985,2.61,27.344886874999993
2026-08-02T20:00:00.000Z,MCT2408049,15.475278,74.055833,56.75,150,515.1875,88.542501875,24.244375,11.201250000000002,4.166875,12.736874999999998,6.7174999999999985,2.61,27.350919374999993
2026-08-02T20:02:35.033Z,MCT2408049,15.475278,74.055833,56.75,150,516.75,88.49005,24.509999999999998,9.7125,3.83,12.067499999999999,6.7175,2.61,27.351589999999998
2026-08-02T19:10:00.000Z,MCT2408046,15.529167,74.07,31.11111111111111,237.04000000000002,679.7777777777778,93.37244000000003,13.643464444444444,13.574347055555558,5,12.055555555555555,5.043859666666666,4.061666666666666,26.2761
2026-08-02T19:20:00.000Z,MCT2408046,15.529167,74.07,31.32,237.04,731.16,93.3353276,13.772157600000003,13.700588239999997,5,12.04,5.03157896,4.0972,26.329059199999996
2026-08-02T19:30:00.000Z,MCT2408046,15.529167,74.07,31.24,237.04,737.24,93.428102,13.590024799999998,14.972354360000002,5,12,5,4.2888,26.32434080000002
2026-08-02T19:40:00.000Z,MCT2408046,15.529167,74.07,31.04,237.04,722.4,93.45526240000002,13.494950000000001,16.601764399999997,5,12,5,4.075199999999999,26.299886799999985
2026-08-02T19:50:00.000Z,MCT2408046,15.529167,74.07,31,237.04,709.72,93.41253680000001,13.459217600000002,18.27117676,5.125,12.92,5.67368428,3.8732000000000006,26.326912799999995
2026-08-02T20:00:00.000Z,MCT2408046,15.529167,74.07,31.076923076923077,237.04,679,93.1912242307692,13.530983461538462,19.910069615384607,5.144230769230769,13.5,6.33603253846154,3.954615384615384,26.45191807692307
2026-08-02T20:02:35.034Z,MCT2408046,15.529167,74.07,31,237.04,662.3333333333334,92.78667333333334,13.403566666666665,18.531863333333334,5,12,5.131579,3.8733333333333335,26.600830000000002
2026-08-02T19:10:00.000Z,MCT2408037,15.394444,74.118333,25.083333333333332,160,456,86.71367166666666,10.455833333333336,218.11083333333337,3.7816666666666663,13.55916666666667,7.0625,3.6983333333333337,26.86896083333333
2026-08-02T19:20:00.000Z,MCT2408037,15.394444,74.118333,25.5,160,462.5,86.68235812500002,10.722500000000002,217.82000000000002,3.7199999999999993,12.471250000000001,6.1875,3.7100000000000004,26.903815624999996
2026-08-02T19:30:00.000Z,MCT2408037,15.394444,74.118333,25.1875,160,461.5,86.63706375000001,10.475625,217.67625,3.7662499999999994,13.695625000000005,7.216875,3.689375,26.95006875
2026-08-02T19:40:00.000Z,MCT2408037,15.394444,74.118333,25,160,469.75,86.552185,10.42875,217.470625,3.7662499999999994,13.798750000000004,7.31125,3.6925000000000003,27.019110624999996
2026-08-02T19:50:00.000Z,MCT2408037,15.394444,74.118333,25.3125,160,468.0625,86.59271562500001,10.615,218.025,3.7199999999999993,13.644375000000002,7.263749999999999,3.753125,27.051285625
2026-08-02T20:00:00.000Z,MCT2408037,15.394444,74.118333,25.4375,160,460.0625,86.45967625000002,10.703125000000002,217.265625,3.7199999999999993,13.185625000000002,6.842499999999999,3.771875,27.104239375000006
2026-08-02T20:02:35.224Z,MCT2408037,15.394444,74.118333,25.25,160,466.25,86.51404,10.54,217.195,3.9050000000000002,14.309999999999999,7.4975000000000005,3.76,27.0781
2026-08-02T19:10:00.000Z,MCT2408042,15.213889,74.071667,59.666666666666664,272.5033333333334,439.8333333333333,90.97151166666667,24.67083333333333,16.106666666666666,7.128333333333333,24.699166666666667,14.580000000000004,4.161666666666666,27.786848333333335
2026-08-02T19:20:00.000Z,MCT2408042,15.213889,74.071667,59.625,279.19625,441.6875,90.92573562500002,24.669999999999998,16.108125,7.336875,25.364375000000003,14.921250000000002,4.320625000000001,27.867065000000004
2026-08-02T19:30:00.000Z,MCT2408042,15.213889,74.071667,59.8125,284.000625,439.5,90.30346250000001,24.740625,16.364375,7.336874999999999,25.250000000000004,14.921250000000002,4.281875000000001,28.000458124999994
2026-08-02T19:40:00.000Z,MCT2408042,15.213889,74.071667,60.125,286.635625,431.625,89.01218750000002,25.296875,16.199375,7.166250000000001,24.510625,14.465625,4.243125,28.251826249999997
2026-08-02T19:50:00.000Z,MCT2408042,15.213889,74.071667,60.375,284.24375,433,87.88112999999998,25.450624999999995,16.508125,6.597499999999999,23.599375000000002,14.124375,4.314375,28.534030000000005
2026-08-02T20:00:00.000Z,MCT2408042,15.213889,74.071667,60.25,288.865625,442.3125,87.53542312499998,25.38,16.61,6.881875000000001,24.11125,14.294999999999998,4.8081249999999995,28.630555
2026-08-02T20:02:35.225Z,MCT2408042,15.213889,74.071667,61,295.50250000000005,443.75,87.408585,26.02,15.802499999999998,6.37,23.2525,14.1225,4.9175,28.670775000000003
2026-08-02T19:10:00.000Z,MCT2408024,15.148056,74.131667,40.94736842105263,217.5910789473684,592,82.16046315789477,17.782454210526318,5.4435334736842105,5.105263157894737,16.147894736842108,8.937368421052632,2.5,28.17939684210526
2026-08-02T19:20:00.000Z,MCT2408024,15.148056,74.131667,41.041666666666664,217.54600416666665,599.5833333333334,82.18212958333336,17.875189583333338,5.416967666666667,5,16.073333333333338,9.073333333333336,2.4975,28.21719041666667
2026-08-02T19:30:00.000Z,MCT2408024,15.148056,74.131667,40.92,218.06485200000003,602.96,82.30902,17.879634400000004,5.400288959999999,5,16.270000000000003,9.270000000000003,2.5180000000000002,28.1403116
2026-08-02T19:40:00.000Z,MCT2408024,15.148056,74.131667,41.04,218.74911199999994,499.2,82.56079039999999,17.998630800000004,5.18961056,5,17.390000000000004,10.390000000000002,2.49,28.094837999999996
2026-08-02T19:50:00.000Z,MCT2408024,15.148056,74.131667,40.875,217.40034999999997,575.7916666666666,82.61001166666667,17.811866249999998,5.416967666666667,5.083333333333333,17.448333333333338,10.28166666666667,2.49125,28.153735833333343
2026-08-02T20:00:00.000Z,MCT2408024,15.148056,74.131667,40.76,217.31092800000002,610.08,82.50921480000001,17.619375600000005,5.50562816,5.08,17.270000000000003,10.110000000000003,2.4944,28.270728400000007
2026-08-02T20:02:35.241Z,MCT2408024,15.148056,74.131667,40.142857142857146,215.9851285714286,608,82.39525714285712,17.165651428571426,5.526696,5,17.418571428571425,10.418571428571429,2.4914285714285715,28.355918571428578
2026-08-02T19:10:00.000Z,MCT2408041,15.224628,74.171389,32.833333333333336,435.8024416666667,443.6666666666667,92.2265475,13.765833333333333,9.700000000000001,8.090000000000002,20.25,8.900000000000002,8.141666666666666,26.184340833333334
2026-08-02T19:20:00.000Z,MCT2408041,15.224628,74.171389,32.5,452.54911250000004,452.25,92.26374062500001,13.629999999999999,9.7,8.090000000000002,20.300625,8.950625000000002,8.386875,26.159090625
2026-08-02T19:30:00.000Z,MCT2408041,15.224628,74.171389,32.875,452.21182500000003,462.625,92.35290999999998,13.741874999999997,9.7,8.090000000000002,20.25,8.900000000000002,8.261875,26.121550624999998
2026-08-02T19:40:00.000Z,MCT2408041,15.224628,74.171389,32.6875,453.30120000000005,458.375,92.482131875,13.688125000000001,9.7,8.090000000000002,20.300625,8.950625000000002,8.261875,26.112166875000003
2026-08-02T19:50:00.000Z,MCT2408041,15.224628,74.171389,32.625,451.22638749999993,454,92.37579687500002,13.665625,9.7,8.090000000000002,20.503125,9.152500000000003,7.9037500000000005,26.233498125
2026-08-02T20:00:00.000Z,MCT2408041,15.224628,74.171389,32.6875,448.0016875,466.75,92.13880874999998,13.666875000000001,9.7,8.090000000000002,20.25,8.900000000000002,7.943124999999999,26.374265
2026-08-02T20:02:35.240Z,MCT2408041,15.224628,74.171389,32.5,451.96900000000005,467.25,92.0587025,13.605,9.7,8.09,20.25,8.9,8.095,26.4238675
2026-08-02T19:10:00.000Z,MCT2408045,15.619444,73.878889,27.75,178.11999999999998,622.5833333333334,87.99859083333335,11.628333333333336,17.323333333333334,3.605000000000001,13.025,7.164166666666667,2.5300000000000002,27.26221666666666
2026-08-02T19:20:00.000Z,MCT2408045,15.619444,73.878889,27.625,178.11999999999995,622.6875,87.99986249999999,11.379375,17.25,3.491875000000001,12.47875,6.750625,2.5300000000000002,27.269142499999994
2026-08-02T19:30:00.000Z,MCT2408045,15.619444,73.878889,27.5,178.11999999999995,625.3125,88.00415437500003,11.26625,17.278125,3.5212500000000015,12.47875,6.716875000000001,2.5300000000000002,27.31539375
2026-08-02T19:40:00.000Z,MCT2408045,15.619444,73.878889,27.75,178.11999999999995,632.3125,88.01464562500001,11.424375000000001,17.426249999999996,3.3956250000000012,12.122499999999999,6.505000000000001,2.5300000000000002,27.351588749999998
2026-08-02T19:50:00.000Z,MCT2408045,15.619444,73.878889,28,178.11999999999995,635.25,88.038011875,11.689375,17.461875,3.4268750000000012,11.98,6.326249999999999,2.5300000000000002,27.34421500000001
2026-08-02T20:00:00.000Z,MCT2408045,15.619444,73.878889,27.6875,178.11999999999995,635.875,88.050885625,11.340625000000001,17.502499999999998,3.552500000000001,12.407500000000002,6.6106250000000015,2.5300000000000002,27.344215
2026-08-02T20:02:35.426Z,MCT2408045,15.619444,73.878889,27.75,178.12,646,87.94645499999999,11.7425,17.485,3.395,11.837500000000002,6.22,2.53,27.386447500000003
2026-08-02T19:10:00.000Z,MCT2408022,15.475833,74.038889,27.545454545454547,150,439.3636363636364,91.32679727272726,3.997272727272727,11.414383636363638,7.909090909090909,26.454545454545453,15.454545454545455,4.279793818181818,26.78169727272727
2026-08-02T19:20:00.000Z,MCT2408022,15.475833,74.038889,27.5,150,442.6875,91.20706875,4.005,11.413528750000001,8.1875,26.4375,14.9375,4.2631730625,26.897783125000004
2026-08-02T19:30:00.000Z,MCT2408022,15.475833,74.038889,27.125,150,445.5625,91.1703525,4.093125,11.397778749999999,7.875,25.75,14.6875,4.2627029375,26.974199999999993
2026-08-02T19:40:00.000Z,MCT2408022,15.475833,74.038889,25.1875,150,463.25,90.97389562499998,4.26375,11.33691,6.625,21.8125,12.25,4.2383021875,27.027824375
2026-08-02T19:50:00.000Z,MCT2408022,15.475833,74.038889,26.5,150,459.25,91.09358249999998,4.046875000000001,11.232240625000001,7.5625,24.5625,13.75,4.265957125,26.992298124999998
2026-08-02T20:00:00.000Z,MCT2408022,15.475833,74.038889,26.9375,150,457.375,91.09501187499998,4.324375,11.253075,7.8125,25.4375,14.4375,4.25226775,26.978891874999995
2026-08-02T20:02:35.426Z,MCT2408022,15.475833,74.038889,26.25,150,448.25,90.98486249999999,4.2575,11.281374999999999,7.5,24,13.5,4.2748159999999995,27.04056
2026-08-02T19:10:00.000Z,MCT2408036,15.171567,74.067106,35.81818181818182,120,427.72727272727275,90.08182,10.478181818181818,7.798181818181817,4.354545454545455,15.197272727272725,9.302727272727271,10.767272727272728,28.017032727272728
2026-08-02T19:20:00.000Z,MCT2408036,15.171567,74.067106,35.4375,120,426.875,90.14706125,10.533125,7.85,4.309375,14.912500000000001,9.120625,10.648125,28.024588749999996
2026-08-02T19:30:00.000Z,MCT2408036,15.171567,74.067106,35.8125,120,422.8125,90.00067187500002,10.476875,7.876874999999999,3.9787500000000002,14.118750000000002,8.739374999999999,10.848125000000001,28.09028
2026-08-02T19:40:00.000Z,MCT2408036,15.171567,74.067106,35.875,120,422.9375,90.38357250000003,10.588125,8.133125,4.21,14.594999999999999,8.961875,10.905625,27.995765624999994
2026-08-02T19:50:00.000Z,MCT2408036,15.171567,74.067106,35.6875,120,424.75,90.39692312500001,10.7,8.0825,4.110625000000001,14.088125000000002,8.518125,10.790625,28.017215
2026-08-02T20:00:00.000Z,MCT2408036,15.171567,74.067106,36.333333333333336,120,417.73333333333335,90.551006,10.611333333333333,7.934666666666667,4.034666666666667,14.114,8.678666666666667,11.17666666666667,27.993308666666668
2026-08-02T20:02:35.440Z,MCT2408036,15.171567,74.067106,35.5,120,419.5,90.33827000000001,10.605,7.995,4.21,14.945,9.2475,10.58,28.0782125
2026-08-02T19:10:00.000Z,MCT2408032,15.525556,73.828611,36.05555555555556,194.65833333333333,702.5,84.89999777777776,15.583333333333334,42.96277777777778,7.356666666666667,27.180555555555557,16.672777777777778,3.196111111111111,29.16234222222222
2026-08-02T19:20:00.000Z,MCT2408032,15.525556,73.828611,35.2,212.3588,713.28,84.78186039999997,14.983600000000003,42.25679999999999,7.176800000000003,22.529999999999994,12.401200000000003,3.2895999999999996,29.084123200000004
2026-08-02T19:30:00.000Z,MCT2408032,15.525556,73.828611,35.08,213.75679999999994,690.72,84.5535888,14.9152,42.753199999999985,7.404400000000002,25.2024,14.665999999999999,3.242,29.087124399999997
2026-08-02T19:40:00.000Z,MCT2408032,15.525556,73.828611,34.92,208.518,703,84.38940359999998,14.6528,42.62600000000001,9.797199999999998,31.973599999999998,17.949599999999997,3.3127999999999993,29.1042844
2026-08-02T19:50:00.000Z,MCT2408032,15.525556,73.828611,35.28,209.55400000000006,727.52,84.35949639999998,14.910000000000002,42.69,7.518000000000002,24.691200000000002,13.9308,3.2704000000000004,29.086695600000006
2026-08-02T20:00:00.000Z,MCT2408032,15.525556,73.828611,35.32,206.49439999999998,714.48,84.58013759999999,14.933200000000005,42.13360000000001,7.120000000000002,22.642799999999998,12.628000000000004,3.4372000000000003,29.032640799999996
2026-08-02T20:02:35.441Z,MCT2408032,15.525556,73.828611,34.857142857142854,212.2057142857143,730.5714285714286,84.68298142857144,14.59142857142857,42.98285714285714,7.119999999999999,22.552857142857142,12.538571428571428,3.3642857142857143,29.01321428571429
2026-08-02T19:10:00.000Z,MCT2408033,15.346944,74.007778,19.666666666666668,118.84746666666666,517.0833333333334,89.6439975,7.886666666666667,50.3300725,4.3933333333333335,12.606666666666667,8.383333333333333,4.39,27.35874
2026-08-02T19:20:00.000Z,MCT2408033,15.346944,74.007778,20.3125,120.029375,537.5,89.79992312499999,8.383750000000001,51.645334375,4.734375,13.17125,8.676250000000001,4.39,27.326788125000004
2026-08-02T19:30:00.000Z,MCT2408033,15.346944,74.007778,20.1875,118.54681875,559.375,89.90435124999999,8.346875,51.396839375,4.393750000000001,12.050624999999998,7.795,4.39,27.307350000000007
2026-08-02T19:40:00.000Z,MCT2408033,15.346944,74.007778,20.5625,117.72235625,536.25,90.05646124999998,8.601875000000001,50.34356499999999,4.28,12.371875,8.27375,4.39,27.297964999999998
2026-08-02T19:50:00.000Z,MCT2408033,15.346944,74.007778,20.3125,117.23194375,524.8125,90.21095500000001,8.37875,51.9615975,4.545000000000001,12.691874999999998,8.38375,4.39,27.301986874999997
2026-08-02T20:00:00.000Z,MCT2408033,15.346944,74.007778,20.8125,118.02028750000002,539.75,90.24290437500001,8.770624999999999,50.89232125,4.659375,12.819374999999999,8.348124999999998,4.39,27.340864999999997
2026-08-02T20:02:35.589Z,MCT2408033,15.346944,74.007778,19.75,116.453075,519.5,90.40884499999999,7.890000000000001,48.3810275,4.545,13.075,8.82,4.39,27.32478
2026-08-02T19:10:00.000Z,MCT2408035,15.236111,74.125,48.333333333333336,190,565.25,91.2754158333333,19.2003025,62.78467916666667,3.7999999999999994,10.19,4.909999999999999,3.8299999999999987,26.51771166666666
2026-08-02T19:20:00.000Z,MCT2408035,15.236111,74.125,49.125,190,560.75,91.16558562500002,19.782364999999995,61.24112437499999,3.799999999999999,10.19,4.909999999999998,3.8299999999999987,26.584071874999996
2026-08-02T19:30:00.000Z,MCT2408035,15.236111,74.125,49.125,190,588.25,91.16701499999999,19.792246875,62.72182499999998,3.799999999999999,10.19,4.909999999999998,3.8299999999999987,26.620269999999998
2026-08-02T19:40:00.000Z,MCT2408035,15.236111,74.125,48.6875,190,604.6875,91.15414125000002,19.423710625,61.88997124999998,3.799999999999999,10.19,4.909999999999998,3.8299999999999987,26.652444374999995
2026-08-02T19:50:00.000Z,MCT2408035,15.236111,74.125,48.4375,190,606.9375,90.96674312500002,19.248161874999994,64.87494437499998,3.799999999999999,10.19,4.909999999999998,3.8299999999999987,26.766402499999998
2026-08-02T20:00:00.000Z,MCT2408035,15.236111,74.125,49.5,190,602.6875,90.82846187500002,20.160783125,65.77750749999998,3.799999999999999,10.19,4.909999999999998,3.8299999999999987,26.845498750000004
2026-08-02T20:02:35.632Z,MCT2408035,15.236111,74.125,48.25,190,579.75,90.89331000000001,19.005765,60.40927,3.8,10.19,4.91,3.83,26.8475125
2026-08-02T19:10:00.000Z,MCT2408031,15.290833,74.149167,17.916666666666668,174.946875,525,87.79768666666666,7.159874583333333,6.615528416666667,5.120000000000001,13.7325,7.659999999999999,5.073333333333333,26.399735833333338
2026-08-02T19:20:00.000Z,MCT2408031,15.290833,74.149167,17.875,176.01794375,532.75,87.71423437499999,7.265624875,6.4892365000000005,5.089375,13.829999999999998,7.858124999999999,4.9425,26.431240000000006
2026-08-02T19:30:00.000Z,MCT2408031,15.290833,74.149167,18.0625,172.72131249999998,545.125,87.73473999999996,7.384659875,6.1304534375,5.089375,13.396249999999997,7.381875,4.876875,26.439955
2026-08-02T19:40:00.000Z,MCT2408031,15.290833,74.149167,18.0625,174.76102500000002,544.9375,87.71184999999997,7.353779437499999,6.4301808125,4.999375,13.2325,7.3812500000000005,4.871875000000001,26.461404375
2026-08-02T19:50:00.000Z,MCT2408031,15.290833,74.149167,17.8125,176.04401875,541.1875,87.6465275,7.21059425,6.444460374999999,5.059374999999999,13.640624999999998,7.709374999999998,4.960624999999999,26.522404374999997
2026-08-02T20:00:00.000Z,MCT2408031,15.290833,74.149167,18.125,175.19058125,543.8125,87.60170187500002,7.404323312499999,6.4606773125,5.32625,14.184375,7.9175,5.078125000000001,26.569324999999996
2026-08-02T20:02:35.633Z,MCT2408031,15.290833,74.149167,17.75,177.892175,547.5,87.59741000000001,7.010135,6.1142365000000005,5.1175,13.26,7.2625,4.9275,26.57402
2026-08-02T19:10:00.000Z,MCT2408039,15.163611,74.110833,29,364.0425,458.25,86.99087583333335,10.270833333333334,10.299999999999999,9.019999999999998,28.94,11.76,2.3000000000000003,27.474033333333335
2026-08-02T19:20:00.000Z,MCT2408039,15.163611,74.110833,29,366.51312499999995,447.6875,86.95606437499998,11.199999999999998,10.3,9.019999999999998,28.94,11.759999999999998,2.3,27.617032499999997
2026-08-02T19:30:00.000Z,MCT2408039,15.163611,74.110833,29,362.16375000000005,449.0625,86.61512750000001,10.424999999999997,10.3,9.019999999999998,28.94,11.759999999999998,2.3,27.814109375
2026-08-02T19:40:00.000Z,MCT2408039,15.163611,74.110833,29,367.8575000000001,445.25,86.44632687500003,10.286875,10.3,9.019999999999998,28.94,11.759999999999998,2.3,27.905943750000006
2026-08-02T19:50:00.000Z,MCT2408039,15.163611,74.110833,29,370.79562500000003,446.75,86.43345250000002,9.765624999999998,10.3,9.019999999999998,28.94,11.759999999999998,2.3,27.91532812500001
2026-08-02T20:00:00.000Z,MCT2408039,15.163611,74.110833,29,370.385,447.0625,86.4687375,9.974374999999997,10.3,9.019999999999998,28.94,11.759999999999998,2.3,27.93141499999999
2026-08-02T20:02:35.637Z,MCT2408039,15.163611,74.110833,29,356.895,461.5,86.4434625,9.5,10.3,9.02,28.94,11.76,2.3,27.93879
2026-08-02T19:10:00.000Z,MCT2408038,15.188889,74.055556,34.083333333333336,368.14833333333337,547.5,91.10311916666666,14.126666666666667,13.330000000000004,8.825000000000001,26.671666666666663,14.009166666666667,4.706666666666667,27.91912666666667
2026-08-02T19:20:00.000Z,MCT2408038,15.188889,74.055556,34.0625,369.32500000000005,524.3125,90.89569437500002,13.978125,13.330000000000005,9.793750000000001,29.260624999999997,15.32875,4.670624999999999,28.027270624999996
2026-08-02T19:30:00.000Z,MCT2408038,15.188889,74.055556,35.3125,353.49500000000006,559.5625,91.18465875000001,14.163749999999997,13.330000000000005,14.676250000000003,43.73750000000001,22.5975,4.708125,28.008501875
2026-08-02T19:40:00.000Z,MCT2408038,15.188889,74.055556,35.0625,345.58562499999994,550.125,91.35346062500001,14.333749999999998,13.330000000000005,14.520624999999999,43.055625,22.218125000000004,4.7225,28.042016875000005
2026-08-02T19:50:00.000Z,MCT2408038,15.188889,74.055556,34.875,344.35625,527.875,91.31054312499998,14.168125,13.330000000000005,13.048750000000002,38.7675,20.049375,4.734375000000001,28.048720000000003
2026-08-02T20:00:00.000Z,MCT2408038,15.188889,74.055556,35.125,326.59312500000004,552.375,91.20277687499998,14.147499999999999,13.330000000000005,14.288749999999999,42.12375,21.528124999999996,4.75625,28.028610624999992
2026-08-02T20:02:35.638Z,MCT2408038,15.188889,74.055556,34,359.575,520.75,91.2290025,14.3075,13.33,12.855,38.5175,20.115000000000002,4.8225,28.0353125
2026-08-02T20:50:00.000Z,MCT2408028,15.186944,74.096667,40.09090909090909,599.1590909090909,509.22727272727275,94.0175468181818,17.033636363636365,12.155909090909091,6.262727272727272,22.46318181818182,13.419545454545453,1.8713636363636363,26.91771
2026-08-02T21:00:00.000Z,MCT2408028,15.186944,74.096667,40.88,599.9572,510.64,94.0708016,17.432000000000006,12.0572,7.110000000000001,25.45480000000001,15.388399999999999,1.9100000000000004,26.94296240000001
2026-08-02T21:10:00.000Z,MCT2408028,15.186944,74.096667,40.48,600.7420000000002,508.76,94.09734999999999,17.24000000000001,12.342,8.07,27.3244,16.064400000000003,2.0343999999999993,26.98414680000001
2026-08-02T21:20:00.000Z,MCT2408028,15.186944,74.096667,40.68,600.0628,526.48,94.41687079999998,17.319600000000005,11.953200000000002,8.590000000000002,29.15440000000001,17.019599999999997,2.0908,26.942962399999995
2026-08-02T21:30:00.000Z,MCT2408028,15.186944,74.096667,40.12,602.1784,521.12,94.280456,17.050800000000002,11.876399999999999,8.830000000000002,29.31400000000001,16.702399999999997,1.9284000000000001,27.017609599999993
2026-08-02T21:40:00.000Z,MCT2408028,15.186944,74.096667,40.24,595.1836000000001,526.6,94.20202560000001,17.124800000000004,11.807999999999998,8.910000000000002,30.06880000000001,17.417599999999997,1.9236000000000004,27.016750799999997
2026-08-02T21:41:08.808Z,MCT2408028,15.186944,74.096667,40,599.615,518,94.147245,16.990000000000002,12.075,8.49,28.835,16.9,1.765,27.04056
2026-08-02T20:50:00.000Z,MCT2408020,15.543475,74.039433,21.714285714285715,180,645.2142857142857,90.05299000000001,9.369538642857142,20.02749785714286,5.569999999999999,16.242857142857144,7.82857142857143,3.659999999999999,27.448880714285714
2026-08-02T21:00:00.000Z,MCT2408020,15.543475,74.039433,22,180,651.75,89.9453575,9.600499874999999,20.09060125,5.5699999999999985,15.957500000000001,7.546250000000002,3.6599999999999984,27.48498125
2026-08-02T21:10:00.000Z,MCT2408020,15.543475,74.039433,21.6875,180,657.375,89.80278499999999,9.363686125,20.311163749999995,5.5699999999999985,16.074375,7.662500000000001,3.6599999999999984,27.501070625
2026-08-02T21:20:00.000Z,MCT2408020,15.543475,74.039433,22,180,653.25,89.92342500000002,9.5374274375,20.241651875,5.5699999999999985,16.777500000000003,8.36,3.6599999999999984,27.464202500000006
2026-08-02T21:30:00.000Z,MCT2408020,15.543475,74.039433,21.9375,180,659.0625,89.92485500000002,9.6198770625,20.21952125,5.5699999999999985,16.367500000000003,7.953125000000002,3.6599999999999984,27.4528075
2026-08-02T21:40:00.000Z,MCT2408020,15.543475,74.039433,22.125,180,656.9375,90.02260625,9.765397875000001,20.281458125,5.5699999999999985,17.477500000000003,9.057499999999996,3.6599999999999984,27.415938125
2026-08-02T21:41:08.808Z,MCT2408020,15.543475,74.039433,21.5,180,657,90.05408,9.0969625,20.49192,5.57,17.245,8.825,3.66,27.39985
2026-08-02T20:50:00.000Z,MCT2408056,15.579167,73.920833,20.071428571428573,180,735.7857142857143,90.69658285714286,6.75,10.855298142857142,5.4957142857142856,18.344285714285714,10.91357142857143,2.4178571428571423,27.438157142857143
2026-08-02T21:00:00.000Z,MCT2408056,15.579167,73.920833,19.8125,180,741.6875,90.654415625,6.604374999999999,9.6195714375,5.159999999999999,17.873124999999998,10.955625000000001,2.6862500000000002,27.4541475
2026-08-02T21:10:00.000Z,MCT2408056,15.579167,73.920833,27.4375,207.19456874999997,750.875,90.55714062499999,12.175625,580.2366345624998,5.33625,18.726875,11.480625000000002,11.723749999999999,27.455488125000006
2026-08-02T21:20:00.000Z,MCT2408056,15.579167,73.920833,35.6875,191.59845625,752.3125,90.435548125,18.97,113.71771125,5.9825,20.8925,12.768750000000002,12.813749999999999,27.486323125
2026-08-02T21:30:00.000Z,MCT2408056,15.579167,73.920833,25.6875,188.72964375000004,757.25,90.5185175,9.9525,109.75335874999999,6.628750000000001,21.97375,13.061875000000002,12.498749999999998,27.45682875
2026-08-02T21:40:00.000Z,MCT2408056,15.579167,73.920833,21.9375,180,764.5625,90.695899375,6.583124999999999,25.798710437500006,6.393749999999999,21.51875,12.827500000000002,2.8293750000000006,27.45414875
2026-08-02T21:41:08.819Z,MCT2408056,15.579167,73.920833,20.5,180,765,90.54999,6.49,11.818075,5.63,19.125,11.245000000000001,1.975,27.49638
2026-08-02T20:50:00.000Z,MCT2408057,15.272222,74.104722,29.272727272727273,329.4086363636364,494.3636363636364,84.05980136363638,11.987272727272728,9.381818181818183,5.851363636363636,18.325,10.215000000000002,2.440454545454546,28.948655000000006
2026-08-02T21:00:00.000Z,MCT2408057,15.272222,74.104722,29.8,335.5356,494.52,83.37378000000001,12.245999999999999,9.043600000000001,6.008000000000001,18.138399999999997,9.808800000000002,2.0828,29.185366
2026-08-02T21:10:00.000Z,MCT2408057,15.272222,74.104722,29.2,321.45079999999996,493.6,83.11071760000003,11.902399999999998,9.1948,5.7688,17.867600000000003,9.874400000000001,2.3156,29.267734
2026-08-02T21:20:00.000Z,MCT2408057,15.272222,74.104722,29.24,329.6604,499.2,84.1550288,11.998000000000001,9.328800000000001,6.268399999999999,18.975599999999996,10.295200000000005,2.4463999999999997,28.9618576
2026-08-02T21:30:00.000Z,MCT2408057,15.272222,74.104722,29.083333333333332,332.96500000000003,501.9583333333333,85.16268250000002,11.852500000000001,9.28791666666667,5.064999999999999,15.572916666666664,8.58,2.3608333333333333,28.720825
2026-08-02T21:40:00.000Z,MCT2408057,15.272222,74.104722,29.692307692307693,333.8696153846155,509.53846153846155,85.4708653846154,12.239615384615384,9.075384615384616,4.653846153846152,14.201153846153842,7.87807692307692,2.3319230769230765,28.622924999999995
2026-08-02T21:41:08.818Z,MCT2408057,15.272222,74.104722,29.5,338.18,514.5,85.33911,12.135,9.03,4.77,14.14,7.75,2.465,28.649324999999997
2026-08-02T20:50:00.000Z,MCT2408055,15.585833,73.885556,19.214285714285715,94.60785714285714,724.2857142857143,90.62137500000001,8.364285714285716,30.834242857142858,5.642857142857144,17.01214285714286,9.832857142857142,1.435,27.077330714285715
2026-08-02T21:00:00.000Z,MCT2408055,15.585833,73.885556,19,97.97875,710.3125,90.67396499999998,8.19875,29.38573625,5.722500000000001,17.435,10.223749999999999,1.576875,27.106920624999994
2026-08-02T21:10:00.000Z,MCT2408055,15.585833,73.885556,19.0625,96.61562500000002,731.25,90.60291312499999,8.295,30.659589374999996,5.940625000000002,18.381250000000005,10.821874999999999,1.594375,27.16926
2026-08-02T21:20:00.000Z,MCT2408055,15.585833,73.885556,19.125,98.27,721.25,90.66633437499999,8.352500000000001,30.360210625000004,5.723750000000002,17.353125000000002,10.095625,1.75375,27.175291875
2026-08-02T21:30:00.000Z,MCT2408055,15.585833,73.885556,19.25,98.75125,718.75,90.57382812500002,8.475,30.081106875,5.375625,16.36625,9.54125,1.61125,27.178644375000005
2026-08-02T21:40:00.000Z,MCT2408055,15.585833,73.885556,19.125,98.39374999999998,720.375,90.637725,8.418125,31.156966250000004,5.591250000000001,16.366249999999997,9.370625,1.6181249999999998,27.153842499999996
2026-08-02T21:41:08.835Z,MCT2408055,15.585833,73.885556,19.5,96.04,724.5,90.580505,8.645,31.994275,4.9,16.119999999999997,9.879999999999999,1.455,27.16926
2026-08-02T20:50:00.000Z,MCT2408053,15.263333,74.110833,50.42857142857143,226.3682357142857,607.4285714285714,92.87095857142856,21.810714285714287,25.137857142857143,4.590000000000002,13.263571428571428,7.493571428571427,6.928571428571429,26.636835
2026-08-02T21:00:00.000Z,MCT2408053,15.263333,74.110833,47.5625,223.72678125,588.3125,92.72865499999999,19.328750000000003,24.231875000000006,4.590000000000002,13.064375000000004,7.26375,6.913749999999999,26.688640624999998
2026-08-02T21:10:00.000Z,MCT2408053,15.263333,74.110833,47.625,188.59868125000003,569.0625,92.52123312500002,19.398125,25.14125,8.0925,27.648125,17.978125,6.802500000000001,26.672553125000007
2026-08-02T21:20:00.000Z,MCT2408053,15.263333,74.110833,46.375,112.06151249999999,580.4375,92.55174937499997,17.925624999999997,25.228125000000002,16.24125,56.02687499999999,36.238125,6.625625,26.645070000000004
2026-08-02T21:30:00.000Z,MCT2408053,15.263333,74.110833,48.5625,142.15160000000003,600.5625,92.713875,20.171875,25.570000000000004,10.043749999999998,34.759375000000006,22.771875000000005,6.635000000000002,26.630993124999996
2026-08-02T21:40:00.000Z,MCT2408053,15.263333,74.110833,46.375,180.52364375,640.3125,93.08580812499999,18.2975,26.516875000000006,5.452500000000001,19.810000000000002,13.324374999999998,6.41625,26.637026875000004
2026-08-02T21:41:09.009Z,MCT2408053,15.263333,74.110833,48.5,190.38285,639,93.1745,20.375,24.965,5.05,19.445,13.535,7.109999999999999,26.66518
2026-08-02T20:50:00.000Z,MCT2408052,15.444425,74.063856,27,160,676.2857142857143,90.94072357142856,3.6632581428571434,8,7.954285714285713,22.73285714285714,11.024285714285712,2,27.209862142857137
2026-08-02T21:00:00.000Z,MCT2408052,15.444425,74.063856,27.1875,160,682.5625,90.97198812500001,3.6823684375,8,8.026874999999999,23.166875,11.348750000000003,2,27.227578125000004
2026-08-02T21:10:00.000Z,MCT2408052,15.444425,74.063856,26.875,160,630.625,90.84801125000001,3.8349999375,8.0105485,7.964999999999999,22.973125,11.285,2,27.285230624999997
2026-08-02T21:20:00.000Z,MCT2408052,15.444425,74.063856,26.25,160,580.0625,90.944333125,3.6472808125000005,8,7.9025,22.65,11.069375,2,27.273833749999994
2026-08-02T21:30:00.000Z,MCT2408052,15.444425,74.063856,26.9375,160,593.375,90.98724562500001,3.83350875,8,8.424375000000001,23.814999999999998,11.370000000000001,2,27.260428124999997
2026-08-02T21:40:00.000Z,MCT2408052,15.444425,74.063856,25.8125,160,630.4375,91.02396375,3.7566228125000003,8.003823875,7.440624999999999,21.464374999999997,10.421875,2,27.24300000000001
2026-08-02T21:41:09.009Z,MCT2408052,15.444425,74.063856,26,160,566,91.00775,3.7280699999999998,8,7.69,21.895,10.53,2,27.2497
2026-08-02T20:50:00.000Z,MCT2408043,15.221111,74.087222,57,198.88769230769228,690.6923076923077,86.19008230769231,24.438461538461542,33.68692307692308,13.93230769230769,41.69461538461538,21.383076923076924,5.29,27.492253076923078
2026-08-02T21:00:00.000Z,MCT2408043,15.221111,74.087222,57,203.8642857142857,690.8571428571429,86.14673785714287,24.385714285714293,33.88285714285714,12.03,37.152142857142856,19.672857142857143,5.29,27.510934285714285
2026-08-02T21:10:00.000Z,MCT2408043,15.221111,74.087222,57,202.82071428571427,696.5714285714286,86.11349499999999,24.417857142857144,33.797142857142866,11.67,35.77285714285714,18.75714285714286,5.29,27.51936071428571
2026-08-02T21:20:00.000Z,MCT2408043,15.221111,74.087222,57,202.47,696.6666666666666,86.18088866666666,24.44,33.83133333333334,12.749333333333336,38.367333333333335,19.728666666666665,5.290000000000001,27.52497733333333
2026-08-02T21:30:00.000Z,MCT2408043,15.221111,74.087222,57,198.46214285714288,699.4285714285714,86.24537499999998,24.408571428571427,34.00928571428572,9.859285714285715,30.162857142857145,15.920714285714286,5.29,27.543874285714285
2026-08-02T21:40:00.000Z,MCT2408043,15.221111,74.087222,57,196.37071428571429,702.1428571428571,86.25300214285717,24.365000000000002,34.07000000000001,11.850714285714288,38.62357142857144,21.137142857142855,5.29,27.586007857142857
2026-08-02T21:41:09.016Z,MCT2408043,15.221111,74.087222,57,198.43,699.5,86.26227,24.6,33.105000000000004,18.365000000000002,53.43,26.9,5.29,27.614355
2026-08-02T20:50:00.000Z,MCT2408021,15.500556,74.053333,48.92857142857143,375,536.7857142857143,90.66769999999997,20.755714285714287,14.069864285714285,3.467142857142856,11.582142857142857,7.72,4.222857142857142,26.919519999999995
2026-08-02T21:00:00.000Z,MCT2408021,15.500556,74.053333,49,375,538.8125,90.708299375,20.843125,14.085320000000003,3.869999999999999,12.580625000000001,8.21375,4.274375,26.91990375
2026-08-02T21:10:00.000Z,MCT2408021,15.500556,74.053333,49.1875,375,551.5625,90.748353125,20.922500000000003,14.252106249999999,4.40625,13.993749999999997,9.048124999999999,4.2125,26.913871874999998
2026-08-02T21:20:00.000Z,MCT2408021,15.500556,74.053333,49.0625,375,565.25,90.74596687500001,20.948125000000005,14.097601875000002,3.451249999999999,10.950624999999999,7.022499999999999,4.2456249999999995,26.89845375
2026-08-02T21:30:00.000Z,MCT2408021,15.500556,74.053333,49,375,568.25,90.71258750000003,20.862499999999997,14.061629374999999,2.9774999999999996,9.646874999999998,6.158749999999999,4.250624999999999,26.881026250000005
2026-08-02T21:40:00.000Z,MCT2408021,15.500556,74.053333,49,375,562.5625,90.73881499999999,20.68874999999999,13.978805000000001,2.889375,9.294999999999996,5.860624999999999,4.208125,26.887058749999998
2026-08-02T21:41:09.016Z,MCT2408021,15.500556,74.053333,49,375,558,90.71021,20.7,14.37178,2.86,8.26,4.76,4.3,26.89577
2026-08-02T20:50:00.000Z,MCT2408051,15.486528,74.033889,51.92857142857143,308.6278571428571,565.2142857142857,99.166295,22.01,5.1899999999999995,3.729999999999999,10.569999999999997,4.980000000000002,4.39,26.03623071428571
2026-08-02T21:00:00.000Z,MCT2408051,15.486528,74.033889,52.1875,306.554375,587.4375,99.2036275,22.180625,5.1899999999999995,3.7299999999999986,10.569999999999997,4.980000000000002,4.39,26.011619374999995
2026-08-02T21:10:00.000Z,MCT2408051,15.486528,74.033889,52.0625,307.080625,603.125,99.21316500000002,22.106874999999995,5.1899999999999995,3.7299999999999986,10.569999999999997,4.980000000000002,4.39,26.000225000000004
2026-08-02T21:20:00.000Z,MCT2408051,15.486528,74.033889,52.0625,306.959375,589.875,99.27563249999999,22.109999999999996,5.1899999999999995,3.7299999999999986,10.569999999999997,4.980000000000002,4.39,25.99486187499999
2026-08-02T21:30:00.000Z,MCT2408051,15.486528,74.033889,52.0625,309.69812499999995,571.3125,99.42297062499998,22.103749999999998,5.1899999999999995,3.7299999999999986,10.569999999999997,4.980000000000002,4.39,26.063234375
2026-08-02T21:40:00.000Z,MCT2408051,15.486528,74.033889,52,307.661875,560.1875,99.43584749999998,22.066875,5.1899999999999995,3.7299999999999986,10.569999999999997,4.980000000000002,4.39,26.131606249999997
2026-08-02T21:41:09.029Z,MCT2408051,15.486528,74.033889,51.5,306.705,553,99.32379,21.75,5.19,3.73,10.57,4.98,4.39,26.150375
2026-08-02T20:50:00.000Z,MCT2408050,15.553611,73.958333,27.785714285714285,86.02999999999999,591.0714285714286,92.94670928571429,11.511428571428572,4.000714285714286,4.300714285714287,13.985714285714284,7.771428571428572,2.8035714285714284,26.789288571428578
2026-08-02T21:00:00.000Z,MCT2408050,15.553611,73.958333,27.733333333333334,86.02999999999999,593.4,92.83219399999999,11.485333333333333,3.9606666666666666,4.523333333333335,14.886000000000001,8.218666666666667,2.9180000000000006,26.820697333333328
2026-08-02T21:10:00.000Z,MCT2408050,15.553611,73.958333,27.75,86.02999999999999,580.25,92.95467687499999,11.532500000000002,3.971875,4.505625000000001,14.9225,8.28875,2.9200000000000004,26.779138749999998
2026-08-02T21:20:00.000Z,MCT2408050,15.553611,73.958333,27.625,86.02999999999999,599.3125,92.99139312499999,11.397500000000003,4.0625,4.505625,14.545,7.916875,2.955,26.735566875000004
2026-08-02T21:30:00.000Z,MCT2408050,15.553611,73.958333,27.9375,86.02999999999999,599.0625,92.92559187499997,11.623750000000003,4.0287500000000005,4.665000000000001,15.028125000000003,8.076875000000001,2.8781250000000003,26.752995
2026-08-02T21:40:00.000Z,MCT2408050,15.553611,73.958333,27.75,86.02999999999999,594.125,93.08389999999999,11.45625,4.035625,4.399375000000001,14.17,7.75625,2.728125,26.750984999999996
2026-08-02T21:41:09.216Z,MCT2408050,15.553611,73.958333,27.5,86.03,601,93.14398,11.505,4.05,4.24,13.74,7.65,2.805,26.729535
2026-08-02T20:50:00.000Z,MCT2408029,15.333611,74.206944,12.214285714285714,486.04357857142855,676.0714285714286,93.65297142857142,3.862142857142857,7.422857142857143,2.94,8.67,4.71,3.531428571428571,26.675904285714292
2026-08-02T21:00:00.000Z,MCT2408029,15.333611,74.206944,12.0625,481.8202125,665.625,93.65562687500001,2.769375,7.685,2.9399999999999995,8.67,4.709999999999999,3.528125,26.689981874999997
2026-08-02T21:10:00.000Z,MCT2408029,15.333611,74.206944,12,481.45062500000006,674.4375,93.60031687499999,3.0218749999999996,7.393750000000001,2.9399999999999995,8.67,4.709999999999999,3.5,26.712108125000004
2026-08-02T21:20:00.000Z,MCT2408029,15.333611,74.206944,12.125,481.7542312499999,676.4375,93.60651375,3.2249999999999996,7.195,2.9399999999999995,8.7425,4.783124999999999,3.55375,26.732215624999995
2026-08-02T21:30:00.000Z,MCT2408029,15.333611,74.206944,12,482.6765250000001,689.3125,93.510669375,2.78875,7.202500000000001,2.9399999999999995,8.67,4.709999999999999,3.501875,26.757687499999996
2026-08-02T21:40:00.000Z,MCT2408029,15.333611,74.206944,12.1875,488.635025,696.625,93.55978375,3.0987499999999994,7.4937499999999995,2.9399999999999995,8.99625,5.037499999999999,3.586875,26.726180624999998
2026-08-02T21:41:09.220Z,MCT2408029,15.333611,74.206944,12,488.16785000000004,684,93.59412,3.0300000000000002,7.25,2.94,9.25,5.29,3.5,26.72417
2026-08-02T20:50:00.000Z,MCT2408034,15.356389,74.123611,43,191.72418636363636,478.27272727272725,79.660415,15.199999999999994,4.6536363636363625,6.379999999999998,18.332272727272724,8.952272727272726,1.4654545454545451,29.909522727272723
2026-08-02T21:00:00.000Z,MCT2408034,15.356389,74.123611,43,182.961084,472.72,79.56396439999999,15.199999999999994,4.529599999999999,6.4163999999999985,18.981999999999996,9.5644,1.4839999999999998,29.9562884
2026-08-02T21:10:00.000Z,MCT2408034,15.356389,74.123611,43,190.6905041666666,477.5,79.50325874999997,15.199999999999994,3.959166666666665,6.379999999999998,19.068749999999998,9.688749999999999,1.4208333333333332,29.977898749999998
2026-08-02T21:20:00.000Z,MCT2408034,15.356389,74.123611,43,191.80109200000004,477.12,79.52917519999998,15.199999999999994,4.248799999999999,6.379999999999998,19.094399999999997,9.7144,1.4103999999999997,29.983314
2026-08-02T21:30:00.000Z,MCT2408034,15.356389,74.123611,43,182.197324,480.32,79.5642688,15.199999999999994,4.3472,6.452799999999999,20.706,11.2508,1.1847999999999999,30.001332799999997
2026-08-02T21:40:00.000Z,MCT2408034,15.356389,74.123611,43,183.782384,481.84,79.50170879999995,15.199999999999994,4.389599999999999,6.379999999999998,19.169599999999996,9.7896,1.408,30.016348400000005
2026-08-02T21:41:09.218Z,MCT2408034,15.356389,74.123611,43,186.8383,478.6666666666667,79.38818,15.199999999999998,5.013333333333333,6.38,19.066666666666666,9.686666666666667,1.2866666666666668,30.027503333333332
2026-08-02T20:50:00.000Z,MCT2408023,15.499722,74.020833,44.642857142857146,150.51,549.8571428571429,90.9232842857143,8.821428571428571,17.90357142857143,13.94,46.04571428571428,29.724999999999998,5.105714285714286,27.00915
2026-08-02T21:00:00.000Z,MCT2408023,15.499722,74.020833,43.3125,150.51,550.0625,90.84943999999999,8.75125,18.326875,12.674374999999998,42.426874999999995,27.821875000000006,5.335000000000001,27.01777000000001
2026-08-02T21:10:00.000Z,MCT2408023,15.499722,74.020833,42,150.51,548.75,90.84943875,9.39625,17.641875000000002,12.118749999999999,40.130624999999995,26.28125,5.414375000000001,26.997659999999996
2026-08-02T21:20:00.000Z,MCT2408023,15.499722,74.020833,41,150.51,554.4375,90.89092625,8.922500000000001,17.42375,11.644999999999998,38.30875,24.921874999999993,5.1575,26.970848125
2026-08-02T21:30:00.000Z,MCT2408023,15.499722,74.020833,41.125,150.51,559,90.85468625000001,9.03375,17.325625,11.801874999999999,38.864999999999995,25.284374999999997,5.268750000000001,27.005703750000006
2026-08-02T21:40:00.000Z,MCT2408023,15.499722,74.020833,39.9375,166.72875000000002,546.75,90.983908125,8.424375,17.9675,10.615,35.935,23.924999999999994,5.253124999999999,27.011065000000002
2026-08-02T21:41:09.228Z,MCT2408023,15.499722,74.020833,36.5,190.4,544,90.99249,8.530000000000001,18.299999999999997,8.870000000000001,29.765,19.575,4.99,27.02447
2026-08-02T20:50:00.000Z,MCT2408027,15.275556,74.1075,24.357142857142858,1164.2764285714286,581.2857142857143,91.40339000000002,6.579999999999999,12.746428571428575,7.0428571428571445,22.88357142857143,12.917142857142855,2.95,27.079631428571428
2026-08-02T21:00:00.000Z,MCT2408027,15.275556,74.1075,26.5,1162.321875,584.125,91.41830875,6.579999999999999,12.656250000000004,8.38375,26.921875000000004,15.007499999999999,2.9500000000000006,27.08681
2026-08-02T21:10:00.000Z,MCT2408027,15.275556,74.1075,25.8125,1163.1518749999998,608.5625,91.48601750000002,6.579999999999999,12.680625000000003,7.642500000000001,25.198125,14.51125,2.9500000000000006,27.09016125
2026-08-02T21:20:00.000Z,MCT2408027,15.275556,74.1075,25.625,1160.6375,621.5,91.60475125000002,6.579999999999999,12.621875000000003,7.828125000000001,25.135625,14.142499999999998,2.9500000000000006,27.086810625
2026-08-02T21:30:00.000Z,MCT2408027,15.275556,74.1075,24.25,1166.830625,623.625,91.73874374999998,6.579999999999999,12.717500000000003,7.088125000000002,22.794999999999998,12.722500000000004,2.9500000000000006,27.08145
2026-08-02T21:40:00.000Z,MCT2408027,15.275556,74.1075,24.5,1165.524375,593,91.920894375,6.579999999999999,12.808125000000004,6.902500000000002,22.979375,13.217499999999998,2.9500000000000006,27.055306875000003
2026-08-02T21:41:09.414Z,MCT2408027,15.275556,74.1075,25.5,1136.725,578,92.083495,6.58,12.71,6.904999999999999,24.15,14.325,2.95,27.02447
2026-08-02T20:50:00.000Z,MCT2408040,15.528056,74.020833,18.928571428571427,100,497.42857142857144,89.00176499999999,8.089285714285715,4.942142857142858,3.07,8.42,3.729999999999999,3.5,27.33243714285715
2026-08-02T21:00:00.000Z,MCT2408040,15.528056,74.020833,19,100,502.0625,88.98977687499999,8.089375000000002,4.974374999999999,3.07,8.42,3.7299999999999986,3.5,27.343546250000003
2026-08-02T21:10:00.000Z,MCT2408040,15.528056,74.020833,18.8125,100,504.5,88.923495,8,4.957500000000001,3.07,8.42,3.7299999999999986,3.5,27.37371125
2026-08-02T21:20:00.000Z,MCT2408040,15.528056,74.020833,19.0625,100,511.5,88.9954975,8.119375,4.963750000000001,3.07,8.42,3.7299999999999986,3.5,27.320083750000002
2026-08-02T21:30:00.000Z,MCT2408040,15.528056,74.020833,19.0625,100,512.5,89.03317062499998,8.223125,5.008125,3.07,8.42,3.7299999999999986,3.5,27.268470625000006
2026-08-02T21:40:00.000Z,MCT2408040,15.528056,74.020833,19,100,512.8125,89.05653562499998,8.120625,4.990625,3.07,8.42,3.7299999999999986,3.5,27.247689999999995
2026-08-02T21:41:09.414Z,MCT2408040,15.528056,74.020833,19,100,507.5,89.06226,8.215,4.92,3.07,8.42,3.73,3.5,27.26579
2026-08-02T20:50:00.000Z,MCT2408049,15.475278,74.055833,56.714285714285715,150,532.8571428571429,88.6148464285714,24.189285714285713,10.123571428571427,3.8299999999999987,10.559285714285712,5.204999999999999,2.61,27.32171214285714
2026-08-02T21:00:00.000Z,MCT2408049,15.475278,74.055833,56.4375,150.05318125,528.4375,88.63167187499998,23.938125,10.121875000000001,3.8299999999999987,10.77,5.418125000000001,2.61,27.30601
2026-08-02T21:10:00.000Z,MCT2408049,15.475278,74.055833,56.625,150,541.4375,88.64263999999999,24.06625,10.203750000000001,3.8299999999999987,10.579375000000002,5.225624999999999,2.61,27.315393124999996
2026-08-02T21:20:00.000Z,MCT2408049,15.475278,74.055833,56.6875,150,542.75,88.511985625,24.09125,9.683125,3.8299999999999987,10.675,5.3218749999999995,2.61,27.339523749999994
2026-08-02T21:30:00.000Z,MCT2408049,15.475278,74.055833,56.8125,150.17844374999999,545,88.54584124999998,24.224999999999998,9.901875000000002,3.8299999999999987,10.580000000000002,5.225625,2.61,27.338853125
2026-08-02T21:40:00.000Z,MCT2408049,15.475278,74.055833,56.5,150,547.875,88.63405624999999,23.973750000000003,10.378125000000002,3.8299999999999987,10.341250000000004,4.985,2.61,27.313381250000003
2026-08-02T21:41:09.415Z,MCT2408049,15.475278,74.055833,56.5,150,550,88.63501,24.009999999999998,9.43,3.83,9.575,4.22,2.61,27.31405
2026-08-02T20:50:00.000Z,MCT2408044,15.313669,74.140042,26,214.29,506.64285714285717,93.85951000000001,11.226428571428572,3.3435714285714284,4.0214285714285705,11.5,7.0685714285714285,4.143955857142857,26.456042142857143
2026-08-02T21:00:00.000Z,MCT2408044,15.313669,74.140042,26,214.29,506.46666666666664,93.617514,11.182666666666666,3.3419999999999996,3.2553333333333327,9.7,6.056666666666667,4.546751933333334,26.523966666666674
2026-08-02T21:10:00.000Z,MCT2408044,15.313669,74.140042,26,214.29,506.26666666666665,93.75840266666668,11.170666666666667,3.348,2.8699999999999997,7.833333333333333,4.682,4.168119600000001,26.459617999999995
2026-08-02T21:20:00.000Z,MCT2408044,15.313669,74.140042,26,214.29,507,93.88546375,11.198125000000001,3.32,2.8699999999999997,7.9375,4.795,4.49342925,26.501624375
2026-08-02T21:30:00.000Z,MCT2408044,15.313669,74.140042,26,214.29,503.2,93.54884666666666,11.165999999999999,3.348,2.8699999999999997,7.766666666666667,4.6080000000000005,4.3493162000000005,26.60404666666666
2026-08-02T21:40:00.000Z,MCT2408044,15.313669,74.140042,26.066666666666666,214.29,500.8666666666667,93.86368733333335,11.260000000000002,3.32,2.8699999999999997,7.633333333333334,4.464,4.377008533333333,26.49608333333333
2026-08-02T21:41:09.422Z,MCT2408044,15.313669,74.140042,26,214.29,507,93.76959500000001,10.995000000000001,3.32,2.87,7.5,4.32,4.558333,26.531115
2026-08-02T20:50:00.000Z,MCT2408030,15.142519,74.075003,26.714285714285715,166.64484285714283,427.14285714285717,85.80559214285715,8.985000000000001,6.200000000000002,9.370000000000001,26.265000000000004,13.996428571428572,3.9528571428571433,27.625845714285724
2026-08-02T21:00:00.000Z,MCT2408030,15.142519,74.075003,26.375,166.39668125,439.0625,85.78352750000002,8.74625,6.200000000000002,9.370000000000001,25.663749999999997,13.371875,4.046875,27.604970000000005
2026-08-02T21:10:00.000Z,MCT2408030,15.142519,74.075003,26.533333333333335,166.81144666666665,440.4,85.85434999999998,8.81466666666667,6.200000000000002,9.370000000000001,26.15666666666667,13.883999999999999,3.9153333333333333,27.563589333333326
2026-08-02T21:20:00.000Z,MCT2408030,15.142519,74.075003,26.625,166.95899375,433.5625,85.89558249999999,8.945,6.200000000000002,9.370000000000001,26.175625,13.90375,4.0531250000000005,27.568101874999996
2026-08-02T21:30:00.000Z,MCT2408030,15.142519,74.075003,26.466666666666665,167.18879333333334,435.8666666666667,85.898602,8.930666666666665,6.200000000000002,9.370000000000001,25.914,13.632666666666667,4.016666666666667,27.599336666666666
2026-08-02T21:40:00.000Z,MCT2408030,15.142519,74.075003,26.6875,165.84914374999997,435.9375,85.92943437500003,8.90625,6.200000000000002,9.370000000000001,26.34625,14.081249999999999,3.9593749999999996,27.635132499999997
2026-08-02T21:41:09.556Z,MCT2408030,15.142519,74.075003,26,167.26614999999998,433.5,85.85028,8.715,6.2,9.37,25.095,12.780000000000001,4.32,27.721605
2026-08-02T20:50:00.000Z,MCT2408046,15.529167,74.07,31.136363636363637,237.04,687.5454545454545,92.53883409090909,13.466339090909088,20.46123136363636,5,12.454545454545455,5.526315909090909,3.955,26.689557727272735
2026-08-02T21:00:00.000Z,MCT2408046,15.529167,74.07,31.24,237.04,674.16,92.267212,13.583585200000002,22.06059,5,13.28,6.252631760000001,3.8080000000000003,26.799246800000002
2026-08-02T21:10:00.000Z,MCT2408046,15.529167,74.07,30.88,237.04,746.08,92.378296,13.308776,24.250589199999993,5,12.12,5.13684216,3.850799999999999,26.7147324
2026-08-02T21:20:00.000Z,MCT2408046,15.529167,74.07,30.96,237.04,716.2,92.74694999999996,13.249432399999996,24.585883199999998,6.125,16.68,8.02105272,3.8096000000000014,26.595467600000006
2026-08-02T21:30:00.000Z,MCT2408046,15.529167,74.07,30.92,237.04,698.52,92.46618640000001,13.331880400000005,24.112942399999998,6.6,18.28,8.884210800000004,3.9824,26.695427199999997
2026-08-02T21:40:00.000Z,MCT2408046,15.529167,74.07,31.04,237.04,709.52,92.32916319999997,13.403345999999999,24.2605896,6.4,16.92,7.810526680000001,3.7028,26.73790039999999
2026-08-02T21:41:09.608Z,MCT2408046,15.529167,74.07,31,237.04,765.3333333333334,92.60229333333335,13.232323333333333,24.299023333333334,5,12,5,3.5566666666666666,26.67769
2026-08-02T20:50:00.000Z,MCT2408037,15.394444,74.118333,25.428571428571427,160,478.14285714285717,86.55491000000002,10.707857142857142,216.3742857142857,3.7199999999999993,13.375714285714285,7.015714285714286,3.825,27.078097857142858
2026-08-02T21:00:00.000Z,MCT2408037,15.394444,74.118333,25,160,482.25,86.68045437500001,10.3675,217.58687500000002,3.95125,14.514999999999999,7.589374999999999,3.828125,27.0432425
2026-08-02T21:10:00.000Z,MCT2408037,15.394444,74.118333,25.25,160,475.75,86.73529125000002,10.557500000000001,217.11375,4.46,16.966875,8.898124999999999,3.796874999999999,27.04324125
2026-08-02T21:20:00.000Z,MCT2408037,15.394444,74.118333,25.1875,160,473.25,86.687131875,10.53375,217.196875,3.95125,15.280000000000003,8.29,3.811875,27.070054374999998
2026-08-02T21:30:00.000Z,MCT2408037,15.394444,74.118333,26.1875,160,476.625,86.71097187500001,10.427500000000002,217.33312500000002,6.737499999999999,24.021250000000002,12.180000000000001,3.73,27.068713125
2026-08-02T21:40:00.000Z,MCT2408037,15.394444,74.118333,25.1875,160,472.625,86.78535937500001,10.558125,217.84687499999998,4.1825,15.99625,8.666249999999998,3.909375,27.013748125000003
2026-08-02T21:41:09.612Z,MCT2408037,15.394444,74.118333,25,160,473.5,86.85736,10.61,216,4.46,18.4,10.115,3.875,26.976210000000002
2026-08-02T20:50:00.000Z,MCT2408041,15.224628,74.171389,32.642857142857146,441.14025000000004,471.42857142857144,91.74997999999998,13.58,9.700000000000001,8.090000000000002,20.25,8.900000000000002,7.849285714285715,26.608492142857138
2026-08-02T21:00:00.000Z,MCT2408041,15.224628,74.171389,32.5625,443.03286875,478.9375,91.71871437499998,13.573125,9.7,8.090000000000002,20.25,8.900000000000002,7.90625,26.604181875000002
2026-08-02T21:10:00.000Z,MCT2408041,15.224628,74.171389,32.375,446.9246,480.1875,91.62287249999997,13.528125,9.7,8.090000000000002,20.25,8.900000000000002,7.97875,26.622949374999994
2026-08-02T21:20:00.000Z,MCT2408041,15.224628,74.171389,32.5625,445.3202875,471.3125,91.72396124999997,13.684999999999999,9.7,8.090000000000002,20.25,8.900000000000002,8.006250000000001,26.602841249999997
2026-08-02T21:30:00.000Z,MCT2408041,15.224628,74.171389,32.6875,444.26680625,477.25,91.62763812499998,13.730624999999996,9.7,8.090000000000002,20.25,8.900000000000002,7.9937499999999995,26.651775000000008
2026-08-02T21:40:00.000Z,MCT2408041,15.224628,74.171389,32.875,444.88188125,482.25,91.60046187499998,13.765624999999996,9.7,8.090000000000002,20.25,8.900000000000002,8.064375,26.662499375000007
2026-08-02T21:41:09.618Z,MCT2408041,15.224628,74.171389,32.5,444.18745,490.5,91.64862,13.445,9.7,8.09,20.25,8.9,8.18,26.649095
2026-08-02T20:50:00.000Z,MCT2408042,15.213889,74.071667,60.4,283.14933333333335,438.73333333333335,86.41943333333332,25.672666666666665,15.778,6.430666666666667,22.73866666666667,13.546666666666665,4.951999999999999,28.861328000000007
2026-08-02T21:00:00.000Z,MCT2408042,15.213889,74.071667,60.6875,281.16437500000006,453.1875,87.00136625000003,25.866875,14.916250000000002,6.1425,21.54625,12.69875,4.799375,28.810201874999997
2026-08-02T21:10:00.000Z,MCT2408042,15.213889,74.071667,60.9375,259.43250000000006,461.1875,87.40572374999999,26.03,14.770624999999999,6.426875,21.716249999999995,12.47,4.630000000000001,28.676137499999992
2026-08-02T21:20:00.000Z,MCT2408042,15.213889,74.071667,60.375,281.848125,457.125,87.86873312499999,25.67,15.099375,6.711250000000001,22.8,13.327499999999997,4.55,28.534031250000005
2026-08-02T21:30:00.000Z,MCT2408042,15.213889,74.071667,60.4375,283.29312500000003,465.125,88.28501062500001,25.590000000000003,14.953125,6.5406249999999995,22.571250000000003,13.211875000000001,4.54625,28.422758749999996
2026-08-02T21:40:00.000Z,MCT2408042,15.213889,74.071667,60.1875,282.42937500000005,465.125,88.20537812500001,25.430000000000003,14.696250000000001,6.199374999999999,21.431875000000005,12.527500000000002,4.103125,28.455604375000004
2026-08-02T21:41:09.618Z,MCT2408042,15.213889,74.071667,61,283.21,474,88.45953,26.07,14.91,5.46,20.06,11.84,4.07,28.39729
2026-08-02T20:50:00.000Z,MCT2408033,15.346944,74.007778,20.214285714285715,114.98065714285715,559.4285714285714,90.56906142857144,8.295000000000002,51.50279999999999,5.0200000000000005,13.734285714285717,8.865,4.39,27.516295000000007
2026-08-02T21:00:00.000Z,MCT2408033,15.346944,74.007778,20.4375,114.78620625,530.4375,90.66824312500003,8.57375,52.666606249999994,5.112500000000001,13.685625,8.713124999999998,4.39,27.56005625000001
2026-08-02T21:10:00.000Z,MCT2408033,15.346944,74.007778,20.25,112.25873125,550.3125,90.83084625000002,8.376249999999999,47.95275000000001,5.6418750000000015,15.60875,10.110625,4.39,27.5935725
2026-08-02T21:20:00.000Z,MCT2408033,15.346944,74.007778,20.1875,115.91910624999998,511.9375,90.75598125000003,8.3475,41.84488125000001,6.136250000000001,16.953125000000004,10.92,4.39,27.708866875
2026-08-02T21:30:00.000Z,MCT2408033,15.346944,74.007778,19.5,115.01185000000001,493.625,90.61102437500001,7.763750000000001,45.15719250000001,5.946250000000001,16.537499999999998,10.773125000000002,4.39,27.789977500000003
2026-08-02T21:40:00.000Z,MCT2408033,15.346944,74.007778,20.1875,115.04063749999999,525.875,90.481800625,8.273125,51.86559,5.603750000000002,14.935625000000002,9.411249999999999,4.39,27.814110624999994
2026-08-02T21:41:09.749Z,MCT2408033,15.346944,74.007778,20,116.7136,529.5,90.431735,8.23,51.393074999999996,5.755,15.9,10.295,4.39,27.81277
2026-08-02T20:50:00.000Z,MCT2408024,15.148056,74.131667,40.86363636363637,217.64110454545454,591.3636363636364,82.13476727272732,17.790824999999998,6.818838136363633,5,16.53545454545455,9.535454545454549,2.490909090909091,28.53670999999998
2026-08-02T21:00:00.000Z,MCT2408024,15.148056,74.131667,40.92,218.18869199999997,550.28,82.17016759999998,17.799772000000004,7.174603559999997,5,16.070000000000004,9.070000000000002,2.5084000000000004,28.534135999999986
2026-08-02T21:10:00.000Z,MCT2408024,15.148056,74.131667,40.583333333333336,218.4760625,629.7083333333334,82.15829041666666,17.54107958333333,7.863456333333331,5,16.15666666666667,9.15666666666667,2.5025,28.52866708333333
2026-08-02T21:20:00.000Z,MCT2408024,15.148056,74.131667,40.84,217.85606799999996,628.2,82.19244400000001,17.708282000000004,8.301876239999995,5.08,16.070000000000004,8.910000000000002,2.5128,28.49123879999999
2026-08-02T21:30:00.000Z,MCT2408024,15.148056,74.131667,40.88,217.92945200000003,537.16,82.28521920000003,17.7971876,8.427128759999995,5,15.790000000000004,8.790000000000003,2.5072,28.467643199999994
2026-08-02T21:40:00.000Z,MCT2408024,15.148056,74.131667,40.64,217.71463599999998,590.12,82.23272719999999,17.582825200000006,7.724675639999999,5.04,16.510000000000005,9.430000000000003,2.5092000000000003,28.51997919999998
2026-08-02T21:41:09.803Z,MCT2408024,15.148056,74.131667,42,217.69945,602,82.22632,18.536285,8.658009,5,15.49,8.49,2.505,28.53671
2026-08-02T20:50:00.000Z,MCT2408045,15.619444,73.878889,27.928571428571427,178.11999999999995,650.8571428571429,88.07806000000002,11.647142857142857,17.652142857142856,3.6671428571428577,12.75357142857143,6.827142857142857,2.5300000000000002,27.379168571428576
2026-08-02T21:00:00.000Z,MCT2408045,15.619444,73.878889,27.875,178.11999999999995,642,88.07663000000002,11.618125,17.48125,3.711250000000001,13.048750000000002,7.034375000000002,2.5300000000000002,27.397170000000013
2026-08-02T21:10:00.000Z,MCT2408045,15.619444,73.878889,27.9375,178.11999999999995,639.4375,88.07806000000002,11.603125000000002,17.611874999999994,3.9962500000000007,13.90375,7.4937499999999995,2.5300000000000002,27.38242375
2026-08-02T21:20:00.000Z,MCT2408045,15.619444,73.878889,27.9375,178.11999999999995,656.4375,88.07806000000002,11.570625000000001,17.65375,3.964375000000001,13.725625,7.316249999999998,2.5300000000000002,27.389797500000007
2026-08-02T21:30:00.000Z,MCT2408045,15.619444,73.878889,27.933333333333334,178.11999999999995,664.2,88.07806000000002,11.656666666666665,17.636,3.9946666666666677,13.538,7.165333333333334,2.5300000000000002,27.396991333333336
2026-08-02T21:40:00.000Z,MCT2408045,15.619444,73.878889,28,178.11999999999995,652.6875,88.08569000000001,11.7675,17.333750000000002,3.933750000000001,13.796875,7.528124999999999,2.5300000000000002,27.410576874999997
2026-08-02T21:41:09.824Z,MCT2408045,15.619444,73.878889,27.5,178.12,653.5,88.07806,11.135000000000002,17.35,4.03,13.12,6.79,2.53,27.44275
2026-08-02T20:50:00.000Z,MCT2408022,15.475833,74.038889,24.071428571428573,150,478.07142857142856,91.17777857142856,4.300714285714286,11.080895714285715,6.214285714285714,19.642857142857142,10.571428571428571,4.224926428571428,26.974677857142865
2026-08-02T21:00:00.000Z,MCT2408022,15.475833,74.038889,26.875,150,475.75,91.14794125000002,4.324375,11.113705625000001,8.125,26.375,14.8125,4.2441833125,26.936661250000004
2026-08-02T21:10:00.000Z,MCT2408022,15.475833,74.038889,27.75,150,476,91.20516249999999,4.276874999999999,11.02052,8.75,27.8125,15.375,4.2263368125000005,26.932640625
2026-08-02T21:20:00.000Z,MCT2408022,15.475833,74.038889,31.125,150,460.3125,91.331045,4.154999999999999,11.125439375000001,10.4375,33.75,18.8125,4.2528948125,26.938671875
2026-08-02T21:30:00.000Z,MCT2408022,15.475833,74.038889,29.125,150,444.125,91.14603437500001,4.383749999999999,11.159074375,8.9375,29.75,17.0625,4.212647375,27.050615625000002
2026-08-02T21:40:00.000Z,MCT2408022,15.475833,74.038889,29.375,150,450.4375,91.04923812500002,3.959375,11.388177500000003,9.1875,30.25,17.1875,4.2563055625,27.110941875000005
2026-08-02T21:41:09.841Z,MCT2408022,15.475833,74.038889,29,150,454,91.03445500000001,4.02,11.268574999999998,9,29.5,16.5,4.2901925,27.099545
2026-08-02T20:50:00.000Z,MCT2408032,15.525556,73.828611,35.40909090909091,222.90272727272725,717.7727272727273,83.72480045454547,15.051818181818186,43.400000000000006,7.120000000000002,21.074545454545454,11.069090909090912,3.28,29.006666818181827
2026-08-02T21:00:00.000Z,MCT2408032,15.525556,73.828611,35.73076923076923,223.61884615384616,713.5769230769231,83.71140807692308,15.410769230769233,43.683461538461536,7.120000000000003,18.49038461538461,8.49461538461539,3.378076923076923,29.003254615384613
2026-08-02T21:10:00.000Z,MCT2408032,15.525556,73.828611,35.68,225.50439999999995,721.32,83.62310760000004,15.3872,43.2696,7.120000000000002,18.092399999999994,8.099200000000003,3.4224,29.028351600000004
2026-08-02T21:20:00.000Z,MCT2408032,15.525556,73.828611,35.2,229.17239999999998,732.04,83.849854,14.899200000000006,43.6544,7.120000000000002,17.1836,7.192800000000003,3.3072000000000004,28.949415600000002
2026-08-02T21:30:00.000Z,MCT2408032,15.525556,73.828611,35.04,226.3288,705.6,84.10986359999998,14.8188,43.01040000000001,7.120000000000002,17.4676,7.475600000000002,3.242799999999999,28.87348160000002
2026-08-02T21:40:00.000Z,MCT2408032,15.525556,73.828611,35.28,226.10559999999995,727.96,84.43182440000001,15.091200000000004,43.6344,7.120000000000002,19.058400000000002,9.059200000000002,3.2324,28.839588800000005
2026-08-02T21:41:09.851Z,MCT2408032,15.525556,73.828611,34.666666666666664,219.97,703.3333333333334,84.42613000000001,14.530000000000001,41.943333333333335,7.12,23.706666666666667,13.683333333333332,3.3699999999999997,28.84774
2026-08-02T20:50:00.000Z,MCT2408036,15.171567,74.067106,35.857142857142854,120,422.42857142857144,91.39848714285714,10.815,7.732142857142856,5.825714285714288,18.888571428571428,10.854285714285714,10.931428571428572,27.615884285714287
2026-08-02T21:00:00.000Z,MCT2408036,15.171567,74.067106,35.25,120,427.9375,91.31197374999999,10.688125,8.2925,7.895,23.554375,12.63375,10.508125,27.6351325
2026-08-02T21:10:00.000Z,MCT2408036,15.171567,74.067106,36,120,426.5,91.57757125000002,10.7775,8.015624999999998,9.078124999999998,26.628124999999997,14.09,11.071875,27.556705625
2026-08-02T21:20:00.000Z,MCT2408036,15.171567,74.067106,34.86666666666667,120,424.8666666666667,91.32106399999999,10.690666666666665,7.974666666666666,8.281333333333333,24.889333333333333,13.508666666666667,10.316,27.644382
2026-08-02T21:30:00.000Z,MCT2408036,15.171567,74.067106,35.4375,120,430.5625,91.282886875,10.589374999999999,8.100624999999999,7.9925000000000015,23.968125000000004,12.95,10.648750000000001,27.660601874999994
2026-08-02T21:40:00.000Z,MCT2408036,15.171567,74.067106,35.8125,120,426.625,91.56088312500002,10.68625,7.795624999999999,6.644374999999999,20.6425,11.493749999999999,10.944374999999999,27.586869375
2026-08-02T21:41:09.942Z,MCT2408036,15.171567,74.067106,34.5,120,430,91.5914,10.934999999999999,7.779999999999999,7.37,22.04,11.9,10.14,27.576815
2026-08-02T20:50:00.000Z,MCT2408031,15.290833,74.149167,17.714285714285715,174.09561428571428,543.8571428571429,87.77833999999997,7.017525142857141,7.20793007142857,5.001428571428571,13.509285714285712,7.585714285714286,5.100714285714285,26.52728714285713
2026-08-02T21:00:00.000Z,MCT2408031,15.290833,74.149167,17.75,175.90699999999993,546.75,87.76430625,7.122439625,7.416690875,4.881875000000002,13.0425,7.2924999999999995,5.07,26.5552475
2026-08-02T21:10:00.000Z,MCT2408031,15.290833,74.149167,17.875,175.86053125000004,551.875,87.74332375,7.153320125,7.071218375000001,4.584375,12.33625,6.995,5.124375,26.594798749999995
2026-08-02T21:20:00.000Z,MCT2408031,15.290833,74.149167,17.6875,177.76511875,556.1875,87.77431812499998,7.1027765,7.2191445624999995,4.286874999999999,11.4375,6.4887500000000005,4.971874999999999,26.581391874999998
2026-08-02T21:30:00.000Z,MCT2408031,15.290833,74.149167,17.5625,177.85805625,553.625,87.89257562499999,7.0146218750000005,6.237478437499999,4.1987499999999995,11.056875000000003,6.159375,4.909375000000001,26.533799999999996
2026-08-02T21:40:00.000Z,MCT2408031,15.290833,74.149167,17.8125,178.033475,547.125,87.90831187499998,7.148833312499999,6.6543481875,4.019375,10.868125000000001,6.249374999999999,4.990625,26.548546249999998
2026-08-02T21:41:09.999Z,MCT2408031,15.290833,74.149167,18,175.96345000000002,544,87.90259,7.573902,7.427382,3.81,10,5.715,4.73,26.56329
2026-08-02T20:50:00.000Z,MCT2408035,15.236111,74.125,49,190,600.6428571428571,91.01647000000001,19.694009285714284,65.52636642857141,3.7999999999999994,10.19,4.909999999999998,3.8299999999999987,26.82835857142857
2026-08-02T21:00:00.000Z,MCT2408035,15.236111,74.125,49.375,190,594.625,90.90380375000001,20.044525624999995,65.47665374999998,3.799999999999999,10.19,4.909999999999998,3.8299999999999987,26.887730625
2026-08-02T21:10:00.000Z,MCT2408035,15.236111,74.125,48.8125,190,586.5,90.81606500000001,19.539968124999994,63.948813124999994,3.799999999999999,10.19,4.909999999999998,3.8299999999999987,26.911861249999998
2026-08-02T21:20:00.000Z,MCT2408035,15.236111,74.125,49,190,607.9375,91.20611625000001,19.666107499999995,60.061278125,3.799999999999999,10.19,4.909999999999998,3.8299999999999987,26.747631249999998
2026-08-02T21:30:00.000Z,MCT2408035,15.236111,74.125,50.625,190,611.0625,91.15890875,21.033876875,65.10509124999999,3.799999999999999,10.19,4.909999999999998,3.8299999999999987,26.76439
2026-08-02T21:40:00.000Z,MCT2408035,15.236111,74.125,49.3125,190,608.875,91.1326825,20.024761874999996,65.382375625,3.799999999999999,10.19,4.909999999999998,3.8299999999999987,26.811313124999998
2026-08-02T21:41:10.016Z,MCT2408035,15.236111,74.125,46,190,517,90.98486,17.53162,65.12866,3.8,10.19,4.91,3.83,26.87432
2026-08-02T20:50:00.000Z,MCT2408039,15.163611,74.110833,29.4,354.75533333333334,460.6,86.39654800000001,9.973333333333333,10.3,9.019999999999998,29.215333333333334,11.967333333333332,2.3,27.855313333333335
2026-08-02T21:00:00.000Z,MCT2408039,15.163611,74.110833,29,360.37874999999997,454.125,86.400075,9.35,10.3,9.019999999999998,28.94,11.759999999999998,2.3,27.87846125
2026-08-02T21:10:00.000Z,MCT2408039,15.163611,74.110833,29,364.49666666666667,463.1333333333333,86.36348666666667,9.665999999999999,10.3,9.019999999999998,28.94,11.759999999999998,2.3,27.90035666666667
2026-08-02T21:20:00.000Z,MCT2408039,15.163611,74.110833,29,348.065,458.9375,86.26894625,10.042499999999997,10.3,9.019999999999998,28.94,11.759999999999998,2.3,27.922031250000007
2026-08-02T21:30:00.000Z,MCT2408039,15.163611,74.110833,29,330.55062499999997,463.9375,86.37384750000002,9.753749999999998,10.3,9.019999999999998,28.94,11.759999999999998,2.3,27.894548125
2026-08-02T21:40:00.000Z,MCT2408039,15.163611,74.110833,29,363.751875,472.8125,86.42582312500001,9.28,10.3,9.019999999999998,28.94,11.759999999999998,2.3,27.888514999999998
2026-08-02T21:41:10.034Z,MCT2408039,15.163611,74.110833,29,375.64,468,86.479705,9.965,10.3,9.02,28.94,11.76,2.3,27.88248
2026-08-02T20:50:00.000Z,MCT2408038,15.188889,74.055556,34.857142857142854,382.0942857142857,640.7857142857143,91.0469892857143,14.77714285714286,13.330000000000004,7.828571428571431,24.56642857142857,13.268571428571425,4.767142857142857,28.144480000000005
2026-08-02T21:00:00.000Z,MCT2408038,15.188889,74.055556,34.3125,399.3075,602.6875,91.02348625,14.410624999999998,13.330000000000005,6.771249999999999,21.805000000000003,11.884375,4.7975,28.147256250000005
2026-08-02T21:10:00.000Z,MCT2408038,15.188889,74.055556,34.4375,376.386875,580.5625,90.795080625,14.438749999999999,13.330000000000005,6.61,20.377499999999998,10.815624999999999,4.75,28.206913125000003
2026-08-02T21:20:00.000Z,MCT2408038,15.188889,74.055556,34.5625,382.761875,597.9375,90.879005625,14.566249999999998,13.330000000000005,7.236250000000001,21.9925,11.57375,4.758125000000001,28.1385425
2026-08-02T21:30:00.000Z,MCT2408038,15.188889,74.055556,34.8,381.3573333333334,592,91.01945066666666,14.706666666666669,13.330000000000005,8.752666666666666,26.706666666666663,14.072666666666667,4.794000000000001,28.066237333333337
2026-08-02T21:40:00.000Z,MCT2408038,15.188889,74.055556,34.625,379.926875,593.0625,91.208021875,14.57,13.330000000000005,8.36,25.967499999999994,13.883125000000003,4.861875,28.050060000000002
2026-08-02T21:41:10.043Z,MCT2408038,15.188889,74.055556,34.5,373.65,607,91.25189,14.325,13.33,10.219999999999999,30.814999999999998,16.255000000000003,4.765,28.06481
2026-08-02T21:50:00.000Z,MCT2408020,15.543475,74.039433,22.076923076923077,180,660.9230769230769,90.06464461538462,9.521592461538463,20.367066153846153,5.569999999999999,17.638461538461545,9.218461538461536,3.659999999999999,27.408103846153843
2026-08-02T22:00:00.000Z,MCT2408020,15.543475,74.039433,21.9375,180,657.25,90.07792312499998,9.53079525,20.246703125,5.5699999999999985,17.185624999999998,8.766875,3.6599999999999984,27.419291249999993
2026-08-02T22:10:00.000Z,MCT2408020,15.543475,74.039433,21.8125,180,666.4375,89.9911325,9.3963280625,20.216998125,5.5699999999999985,16.660625,8.243749999999999,3.6599999999999984,27.453476875
2026-08-02T22:20:00.000Z,MCT2408020,15.543475,74.039433,22.0625,180,666.4375,89.94679000000004,9.5374281875,20.34087,5.5699999999999985,16.951875,8.534375,3.6599999999999984,27.451467500000003
2026-08-02T22:30:00.000Z,MCT2408020,15.543475,74.039433,21.875,180,665.375,89.99924000000001,9.480987875000002,20.46979,5.5699999999999985,16.66125,8.243749999999999,3.6599999999999984,27.439399999999996
2026-08-02T22:40:00.000Z,MCT2408020,15.543475,74.039433,22,180,663.6875,90.05217249999995,9.61766575,20.313688125,5.5699999999999985,17.185,8.766874999999999,3.6599999999999984,27.43202875
2026-08-02T22:41:51.489Z,MCT2408020,15.543475,74.039433,22,180,662.6666666666666,90.03373333333333,9.455542333333334,19.923953333333333,5.57,17.400000000000002,8.979999999999999,3.66,27.43203
2026-08-02T21:50:00.000Z,MCT2408028,15.186944,74.096667,40.5,593.7574999999999,511.9,94.38986349999999,17.241999999999997,12.0235,8.990000000000002,29.631500000000006,16.901000000000003,1.8369999999999997,26.990153
2026-08-02T22:00:00.000Z,MCT2408028,15.186944,74.096667,40.2,597.582,515.32,94.27496280000001,17.086000000000002,11.9476,8.470000000000002,28.31960000000001,16.423999999999996,1.8439999999999994,27.048068400000002
2026-08-02T22:10:00.000Z,MCT2408028,15.186944,74.096667,40.2,597.0023999999999,503.6,94.18188399999997,17.0892,12.443999999999999,9.550000000000004,32.89280000000001,19.285999999999994,1.7711999999999997,27.084533599999997
2026-08-02T22:20:00.000Z,MCT2408028,15.186944,74.096667,40.16,586.3384000000001,499.52,93.4281,17.134799999999995,12.516400000000003,8.230000000000004,27.284000000000002,15.588800000000003,1.6252000000000004,27.014606399999998
2026-08-02T22:30:00.000Z,MCT2408028,15.186944,74.096667,39.52173913043478,580.3047826086956,468.69565217391306,91.57033695652173,16.796521739130434,13.460000000000003,6.381304347826087,21.746521739130433,12.534782608695652,0.36869565217391315,26.63510478260869
2026-08-02T22:40:00.000Z,MCT2408028,15.186944,74.096667,41.041666666666664,594.2254166666665,460.4583333333333,91.67150916666667,17.561250000000005,13.3525,6.281666666666666,22.164583333333336,13.172083333333335,0.8866666666666667,26.51413583333334
2026-08-02T22:41:51.490Z,MCT2408028,15.186944,74.096667,41.75,600.205,468.5,92.651885,18.1975,12.7275,6.99,24.86,14.665,1.5150000000000001,26.439954999999998
2026-08-02T21:50:00.000Z,MCT2408057,15.272222,74.104722,29.61904761904762,336.7714285714286,501.04761904761904,85.37326238095237,12.136190476190475,9.17952380952381,4.313809523809523,13.62428571428571,7.67,2.3414285714285716,28.64804714285714
2026-08-02T22:00:00.000Z,MCT2408057,15.272222,74.104722,29.16,337.2827999999999,504.32,85.82952840000002,12.065199999999999,9.155600000000002,4.696399999999999,14.565199999999999,8.104799999999996,2.3332,28.518694399999994
2026-08-02T22:10:00.000Z,MCT2408057,15.272222,74.104722,28.4,340.13559999999995,498.32,85.62231440000001,12.079600000000001,9.167200000000001,3.7683999999999997,12.324399999999999,6.931999999999999,2.2896000000000005,28.593769599999995
2026-08-02T22:20:00.000Z,MCT2408057,15.272222,74.104722,28.2,329.30640000000005,499.48,84.91522240000002,11.977200000000003,9.194000000000003,5.387199999999999,16.736399999999993,9.255200000000004,2.3007999999999997,28.8292924
2026-08-02T22:30:00.000Z,MCT2408057,15.272222,74.104722,28.2,330.4068000000001,509.2,85.816712,12.015600000000001,9.293600000000001,5.290799999999999,16.533199999999994,9.211599999999999,2.3308,28.5860476
2026-08-02T22:40:00.000Z,MCT2408057,15.272222,74.104722,28.36,338.9199999999999,496.24,85.86859199999998,12.121199999999998,9.303600000000003,4.696799999999999,14.589999999999996,8.193200000000001,2.3179999999999996,28.598917999999994
2026-08-02T22:41:51.540Z,MCT2408057,15.272222,74.104722,28.25,340.72749999999996,488.25,85.6996,12.05,9.34,4.77,14.702499999999999,8.305,2.2249999999999996,28.66005
2026-08-02T21:50:00.000Z,MCT2408056,15.579167,73.920833,23.615384615384617,191.20245384615384,767.5384615384615,90.67968846153848,10.061538461538463,41.782224,5.99153846153846,20.10923076923077,11.896153846153847,5.667692307692308,27.46832692307692
2026-08-02T22:00:00.000Z,MCT2408056,15.579167,73.920833,26.6875,189.817025,754.625,90.85707062500002,7.666875,115.79489437499998,7.741249999999999,24.990625000000005,14.644375000000002,11.612499999999999,27.45012624999999
2026-08-02T22:10:00.000Z,MCT2408056,15.579167,73.920833,24.125,180,776.125,90.84181250000002,6.6375,18.7431059375,8.504375,26.182499999999997,14.998125000000002,2.0393749999999993,27.474257499999993
2026-08-02T22:20:00.000Z,MCT2408056,15.579167,73.920833,23.3125,180,775.875,90.87280625000001,6.9625,11.783890625000002,8.03625,24.818750000000005,14.175625000000002,1.561875,27.464202499999992
2026-08-02T22:30:00.000Z,MCT2408056,15.579167,73.920833,23.3125,180,778.5,90.793174375,7.003125,11.845657,7.801250000000001,24.305625,13.941250000000002,1.6187499999999997,27.489005
2026-08-02T22:40:00.000Z,MCT2408056,15.579167,73.920833,23.5,180,758.5,90.86470062500003,6.885625,12.1640256875,8.095,25.045000000000005,14.351875000000001,1.5599999999999998,27.470905625000004
2026-08-02T22:41:51.540Z,MCT2408056,15.579167,73.920833,23.666666666666668,180,785.6666666666666,90.90602666666666,6.633333333333334,12.335680000000002,7.823333333333333,25.5,15,1.5599999999999998,27.446326666666664
2026-08-02T21:50:00.000Z,MCT2408055,15.585833,73.885556,19,99.45153846153845,721.4615384615385,90.58226692307692,8.27923076923077,30.707574615384615,5.645384615384615,17.056923076923077,9.959999999999999,1.5430769230769232,27.175445384615387
2026-08-02T22:00:00.000Z,MCT2408055,15.585833,73.885556,19.1875,100.92062499999999,704.3125,90.61721937499999,8.379999999999999,30.89814,5.592500000000001,17.147499999999997,10.138124999999999,1.5743750000000003,27.193390625000006
2026-08-02T22:10:00.000Z,MCT2408055,15.585833,73.885556,19,94.275625,736,90.60482312500002,8.211875000000001,33.943225625000004,4.9418750000000005,14.966249999999997,8.647500000000003,1.53125,27.212161875000003
2026-08-02T22:20:00.000Z,MCT2408055,15.585833,73.885556,19.25,96.884375,744.5,90.55905000000003,8.400000000000002,31.156966249999996,5.374375000000001,15.996249999999995,9.284999999999997,1.4031250000000002,27.229591250000002
2026-08-02T22:30:00.000Z,MCT2408055,15.585833,73.885556,19.1875,100.101875,727.1875,90.6052975,8.274375,32.66937125,5.4175,16.531875,9.7525,1.559375,27.238975625000005
2026-08-02T22:40:00.000Z,MCT2408055,15.585833,73.885556,19.3125,104.22812500000002,710,90.62151125,8.4,29.045801875,5.591875000000003,17.313125,10.308124999999999,1.6493750000000003,27.267129999999995
2026-08-02T22:41:51.548Z,MCT2408055,15.585833,73.885556,19,103.43333333333334,712.3333333333334,90.56525,8.366666666666667,30.559796666666667,5.823333333333333,17.546666666666667,10.223333333333334,1.6033333333333333,27.292600000000004
2026-08-02T21:50:00.000Z,MCT2408053,15.263333,74.110833,46.84615384615385,202.09806923076926,600.1538461538462,93.24316384615385,18.769230769230766,26.106153846153852,5.156153846153845,18.025384615384617,11.80153846153846,6.654615384615385,26.651566153846147
2026-08-02T22:00:00.000Z,MCT2408053,15.263333,74.110833,43.375,159.98241249999998,606.6875,92.97947437500001,15.908750000000003,26.214375000000004,13.143124999999998,44.48375,28.411249999999995,6.708124999999998,26.7067425
2026-08-02T22:10:00.000Z,MCT2408053,15.263333,74.110833,45,177.1699,599.25,93.00760749999996,17.21125,25.59625,7.403125000000002,25.704374999999995,16.778750000000006,6.575625,26.726182500000004
2026-08-02T22:20:00.000Z,MCT2408053,15.263333,74.110833,43,210.09643124999997,632.5,93.32994937500003,15.53625,26.20125,5.1075,18.779375,12.690625,6.660000000000001,26.724172499999998
2026-08-02T22:30:00.000Z,MCT2408053,15.263333,74.110833,46.125,226.54560625,604.5,93.34473000000003,18.169375000000002,26.391875000000002,4.590000000000002,14.705000000000002,9.163124999999999,6.6031249999999995,26.73758
2026-08-02T22:40:00.000Z,MCT2408053,15.263333,74.110833,41.875,176.69764375,639.6875,93.38382937500003,14.619375,25.583125000000006,4.8775,16.649375,10.858124999999998,6.697500000000001,26.812653124999994
2026-08-02T22:41:51.742Z,MCT2408053,15.263333,74.110833,41.666666666666664,185.51046666666664,637.6666666666666,93.52799333333333,14.42,26.683333333333334,4.59,15.88,10.526666666666666,5.986666666666667,26.824273333333334
2026-08-02T21:50:00.000Z,MCT2408052,15.444425,74.063856,25.923076923076923,160,604.7692307692307,91.04472461538461,3.724480307692308,8.125933230769231,7.4861538461538455,21.563076923076924,10.438461538461537,2,27.23072538461539
2026-08-02T22:00:00.000Z,MCT2408052,15.444425,74.063856,25.875,160,661.125,91.02587,3.7650440000000005,8,7.482499999999999,21.399374999999996,10.293125,2,27.23763812500001
2026-08-02T22:10:00.000Z,MCT2408052,15.444425,74.063856,25.5625,160,622.8125,91.00155062500001,3.77118425,8.0127900625,7.2731249999999985,20.816249999999997,10.03375,2,27.220874999999992
2026-08-02T22:20:00.000Z,MCT2408052,15.444425,74.063856,25.875,160,669.0625,90.964360625,3.7460088750000002,8,7.691874999999999,21.699374999999996,10.379375,2,27.20210625
2026-08-02T22:30:00.000Z,MCT2408052,15.444425,74.063856,25.8125,160,605.125,90.947673125,3.7271490000000003,8.0083069375,7.503749999999999,21.377499999999998,10.271875000000001,2,27.167249374999997
2026-08-02T22:40:00.000Z,MCT2408052,15.444425,74.063856,25.9375,160,676.875,90.95339375,3.795263125000001,8,7.4624999999999995,21.419999999999995,10.315000000000001,2,27.112283750000007
2026-08-02T22:41:51.743Z,MCT2408052,15.444425,74.063856,26.333333333333332,160,693.6666666666666,91.02809666666667,3.788304,8,7.803333333333334,22.296666666666667,10.816666666666668,2,27.08882
2026-08-02T21:50:00.000Z,MCT2408021,15.500556,74.053333,48.92307692307692,375,559.9230769230769,90.60632692307692,20.659230769230767,14.103223846153847,3.0407692307692304,10.09923076923077,6.591538461538462,4.323846153846154,26.918871538461534
2026-08-02T22:00:00.000Z,MCT2408021,15.500556,74.053333,48.9375,375,554.8125,90.687794375,20.663749999999997,13.949675,2.9774999999999996,10.244375000000002,6.8131249999999985,4.245,26.870970625000005
2026-08-02T22:10:00.000Z,MCT2408021,15.500556,74.053333,49.0625,375,561.1875,90.66204437500002,20.839374999999997,14.1064625,3.600624999999999,11.575,7.498749999999999,4.226875,26.838796874999993
2026-08-02T22:20:00.000Z,MCT2408021,15.500556,74.053333,49.0625,375,560.75,90.740245,20.709375,14.037063125,3.360624999999999,10.814375000000002,7.023124999999999,4.234375,26.779138125
2026-08-02T22:30:00.000Z,MCT2408021,15.500556,74.053333,49,375,570.4375,90.77267187500001,20.685625,13.948534375,3.183124999999999,10.325624999999999,6.694374999999999,4.3081249999999995,26.760369375
2026-08-02T22:40:00.000Z,MCT2408021,15.500556,74.053333,48.875,375,581.3125,90.761704375,20.678124999999998,13.975382499999998,2.9774999999999996,9.511249999999999,6.009374999999998,4.2325,26.777128124999997
2026-08-02T22:41:51.791Z,MCT2408021,15.500556,74.053333,49,375,579.6666666666666,90.86279,20.823333333333334,13.995563333333331,2.86,8.549999999999999,5.076666666666666,4.373333333333334,26.76349666666667
2026-08-02T21:50:00.000Z,MCT2408043,15.221111,74.087222,57,203.72750000000005,689.8333333333334,86.37098666666667,24.412499999999998,32.969166666666666,14.563333333333333,45.92000000000001,24.554166666666664,5.29,27.649209999999997
2026-08-02T22:00:00.000Z,MCT2408043,15.221111,74.087222,57,196.01285714285717,676.0714285714286,86.49714428571428,24.557142857142853,33.32214285714286,13.027142857142861,42.57857142857143,23.516428571428573,5.29,27.734624285714286
2026-08-02T22:10:00.000Z,MCT2408043,15.221111,74.087222,57.266666666666666,201.71599999999998,683.0666666666667,86.49420066666666,24.391999999999996,34.08133333333333,12.495333333333331,41.37133333333333,23.058,5.290000000000001,27.753777333333336
2026-08-02T22:20:00.000Z,MCT2408043,15.221111,74.087222,57.285714285714285,204.6014285714286,679.5,86.34074214285714,24.46071428571429,32.92285714285714,14.020714285714286,45.88999999999999,25.255000000000003,5.29,27.846475714285713
2026-08-02T22:30:00.000Z,MCT2408043,15.221111,74.087222,57,205.47785714285712,663.5714285714286,86.37997785714286,24.439999999999998,33.392857142857146,12.483571428571429,40.55571428571428,22.23428571428571,5.29,27.865629285714277
2026-08-02T22:40:00.000Z,MCT2408043,15.221111,74.087222,56.92307692307692,205.32999999999998,661,86.33915076923076,24.372307692307693,33.16461538461538,14.71,46.54615384615384,24.930000000000003,5.29,27.880832307692305
2026-08-02T22:41:51.794Z,MCT2408043,15.221111,74.087222,57,190.245,664.5,86.342375,24.45,33.565,14.565,47.635000000000005,26.259999999999998,5.29,27.903935
2026-08-02T21:50:00.000Z,MCT2408051,15.486528,74.033889,52,303.12615384615395,574.4615384615385,99.1571176923077,22.050769230769234,5.1899999999999995,3.729999999999999,10.569999999999997,4.980000000000002,4.39,26.135110769230774
2026-08-02T22:00:00.000Z,MCT2408051,15.486528,74.033889,51.875,302.555625,575.75,99.03578250000002,21.986874999999998,5.1899999999999995,3.7299999999999986,10.569999999999997,4.980000000000002,4.39,26.09272875
2026-08-02T22:10:00.000Z,MCT2408051,15.486528,74.033889,52.0625,305.815,552.9375,99.051995,22.100624999999997,5.1899999999999995,3.7299999999999986,10.569999999999997,4.980000000000002,4.39,26.086695625
2026-08-02T22:20:00.000Z,MCT2408051,15.486528,74.033889,52.0625,304.864375,563.375,98.946135,22.103749999999998,5.1899999999999995,3.7299999999999986,10.569999999999997,4.980000000000002,4.39,26.06993875
2026-08-02T22:30:00.000Z,MCT2408051,15.486528,74.033889,52.125,304.42312499999997,550.875,99.02815062500002,22.134375,5.1899999999999995,3.7299999999999986,10.569999999999997,4.980000000000002,4.39,26.02904874999999
2026-08-02T22:40:00.000Z,MCT2408051,15.486528,74.033889,52.125,304.50812499999995,552.25,99.15117312499999,22.143749999999997,5.1899999999999995,3.7299999999999986,10.569999999999997,4.980000000000002,4.39,26.023015
2026-08-02T22:41:51.796Z,MCT2408051,15.486528,74.033889,52.666666666666664,307.8833333333334,550,99.15594,22.463333333333335,5.19,3.73,10.57,4.98,4.39,26.04491333333333
2026-08-02T21:50:00.000Z,MCT2408034,15.356389,74.123611,43,181.460595,476.3,79.416411,15.199999999999994,4.493,6.379999999999998,20.115499999999997,10.735499999999998,1.3419999999999996,30.014095499999996
2026-08-02T22:00:00.000Z,MCT2408034,15.356389,74.123611,43,180.95455600000003,480.48,79.44372479999998,15.199999999999994,4.585999999999999,6.379999999999998,20.030399999999997,10.6504,1.376,29.985460400000008
2026-08-02T22:10:00.000Z,MCT2408034,15.356389,74.123611,43,191.85456,485.72,79.5557248,15.199999999999994,4.3519999999999985,6.379999999999998,19.880799999999997,10.5008,1.516,29.936122400000002
2026-08-02T22:20:00.000Z,MCT2408034,15.356389,74.123611,43,189.716968,487.4,79.65399199999996,15.199999999999994,4.989599999999999,6.379999999999998,19.879599999999996,10.499600000000001,1.422,29.876490000000004
2026-08-02T22:30:00.000Z,MCT2408034,15.356389,74.123611,43,187.25385599999998,481.64,79.51635720000002,15.199999999999994,4.706399999999999,6.379999999999998,19.843199999999996,10.463199999999999,1.4191999999999998,29.8734864
2026-08-02T22:40:00.000Z,MCT2408034,15.356389,74.123611,43,188.591904,483.88,79.6625368,15.199999999999994,4.1232,6.379999999999998,19.917599999999997,10.5376,1.5511999999999997,29.825866800000004
2026-08-02T22:41:51.993Z,MCT2408034,15.356389,74.123611,43,189.02317499999998,489.25,79.45685,15.2,4.8975,6.38,18.29,8.91,1.2800000000000002,29.8880725
2026-08-02T21:50:00.000Z,MCT2408050,15.553611,73.958333,27.846153846153847,86.02999999999999,604.9230769230769,93.09820384615385,11.512307692307692,3.8715384615384627,4.632307692307694,14.533846153846154,7.65,2.734615384615385,26.753872307692305
2026-08-02T22:00:00.000Z,MCT2408050,15.553611,73.958333,27.6875,86.02999999999999,606.25,93.02953999999997,11.45125,4.015000000000001,4.293125000000001,13.57875,7.384375,2.699375,26.774445625
2026-08-02T22:10:00.000Z,MCT2408050,15.553611,73.958333,27.9375,86.02999999999999,614.25,92.85835562499999,11.615000000000002,3.9181250000000003,4.346250000000001,13.955,7.650625000000001,2.6325000000000003,26.81935875
2026-08-02T22:20:00.000Z,MCT2408050,15.553611,73.958333,27.9375,86.02999999999999,617.6875,92.90270312499997,11.686250000000001,3.958125,4.611875,14.6525,7.916250000000002,2.623125,26.798578749999997
2026-08-02T22:30:00.000Z,MCT2408050,15.553611,73.958333,27.8125,86.02999999999999,619.25,93.06292062499999,11.570000000000002,3.8493749999999998,5.036875,15.886874999999998,8.449375,2.676875,26.771765624999993
2026-08-02T22:40:00.000Z,MCT2408050,15.553611,73.958333,27.875,86.02999999999999,612,93.07484062499998,11.570000000000002,3.98,4.77125,15.726875,8.555625,2.5818749999999997,26.794556874999994
2026-08-02T22:41:51.992Z,MCT2408050,15.553611,73.958333,27.333333333333332,86.03000000000002,601,92.98631,11.206666666666669,3.9966666666666666,5.09,16.886666666666667,9.073333333333332,2.6666666666666665,26.824273333333334
2026-08-02T21:50:00.000Z,MCT2408030,15.142519,74.075003,26.23076923076923,166.29950769230769,436.0769230769231,85.76049076923074,9.10923076923077,6.200000000000002,9.370000000000001,25.41,13.109230769230768,4.066923076923077,27.70097692307692
2026-08-02T22:00:00.000Z,MCT2408030,15.142519,74.075003,26.066666666666666,166.50986,435.8,85.80755600000002,8.840000000000002,6.200000000000002,9.370000000000001,24.88266666666666,12.561333333333334,3.948666666666667,27.600768
2026-08-02T22:10:00.000Z,MCT2408030,15.142519,74.075003,26.125,165.64925,439.75,85.91465249999999,8.935625000000002,6.200000000000002,9.370000000000001,25.265625,12.958125,3.9274999999999993,27.560729999999992
2026-08-02T22:20:00.000Z,MCT2408030,15.142519,74.075003,26.5,166.14858125,434.75,85.94183,8.835,6.200000000000002,9.370000000000001,25.834999999999997,13.550625000000002,4.114375,27.560729999999992
2026-08-02T22:30:00.000Z,MCT2408030,15.142519,74.075003,26.4,166.15834,434.1333333333333,85.946408,8.847333333333333,6.200000000000002,9.370000000000001,25.792666666666666,13.504666666666667,3.9620000000000006,27.560729999999992
2026-08-02T22:40:00.000Z,MCT2408030,15.142519,74.075003,26.25,164.71878125,435.5,85.966150625,9.164375000000001,6.200000000000002,9.370000000000001,25.606875,13.3125,3.925625,27.561399999999992
2026-08-02T22:41:52.039Z,MCT2408030,15.142519,74.075003,27,166.5056,434,85.97489333333333,8.74,6.2,9.37,26.459999999999997,14.199999999999998,3.78,27.560729999999996
2026-08-02T21:50:00.000Z,MCT2408023,15.499722,74.020833,37.84615384615385,188.1738461538462,545.2307692307693,90.99131615384613,9.436923076923076,18.17,9.163846153846155,31.563846153846157,21.415384615384614,5.136923076923077,27.02859692307692
2026-08-02T22:00:00.000Z,MCT2408023,15.499722,74.020833,37.0625,198.00687499999998,534.875,90.94194812500002,9.212499999999997,17.171875,8.870000000000001,30.475625,20.390625,5.298124999999999,27.0419
2026-08-02T22:10:00.000Z,MCT2408023,15.499722,74.020833,36.86666666666667,194.92133333333334,539.2,90.82871533333334,8.268,18.828,8.531333333333334,29.890666666666664,20.10666666666667,5.469333333333335,27.026618666666668
2026-08-02T22:20:00.000Z,MCT2408023,15.499722,74.020833,37.375,189.14374999999998,557.25,90.81892500000002,8.726874999999998,18.446250000000003,8.711875,30.63375,20.843750000000007,5.229375,26.979560625
2026-08-02T22:30:00.000Z,MCT2408023,15.499722,74.020833,36.625,183.76374999999996,554.875,90.84562562500001,8.868124999999997,17.920624999999998,8.71125,29.763749999999998,19.75625,5.298125,26.9628025
2026-08-02T22:40:00.000Z,MCT2408023,15.499722,74.020833,41.625,172.95187499999997,556.6875,90.88234250000001,9.341875,17.759999999999998,12.831874999999998,40.84499999999999,25.828125000000004,5.203125,26.979561874999995
2026-08-02T22:41:52.044Z,MCT2408023,15.499722,74.020833,37,197.73333333333332,546,90.90093999999999,9.62,18.086666666666666,9.293333333333333,30.820000000000004,20.3,5.076666666666667,27.006596666666667
2026-08-02T21:50:00.000Z,MCT2408029,15.333611,74.206944,12.076923076923077,487.2112384615384,686.9230769230769,93.65573923076923,2.9415384615384617,7.333846153846154,2.94,8.893076923076922,4.9338461538461535,3.534615384615385,26.698592307692305
2026-08-02T22:00:00.000Z,MCT2408029,15.333611,74.206944,12.125,488.30851249999995,695.6875,93.80249375000001,3.1868749999999997,7.710625,2.9399999999999995,9.321250000000001,5.366875000000001,3.55375,26.667191250000002
2026-08-02T22:10:00.000Z,MCT2408029,15.333611,74.206944,12.533333333333333,491.60421333333323,690.3333333333334,93.65871333333331,3.6566666666666667,7.278666666666667,2.9793333333333334,9.249333333333333,5.213999999999999,3.5,26.740616666666664
2026-08-02T22:20:00.000Z,MCT2408029,15.333611,74.206944,12,487.388925,698.5,93.485871875,2.7312499999999997,7.250000000000001,2.9399999999999995,9.104375,5.148124999999999,3.501875,26.763721249999993
2026-08-02T22:30:00.000Z,MCT2408029,15.333611,74.206944,12.25,486.6268562499999,705.3125,93.50208625,2.6618749999999993,7.28375,2.9768749999999997,8.959375,4.928125,3.641875,26.694006250000008
2026-08-02T22:40:00.000Z,MCT2408029,15.333611,74.206944,12.6875,491.42543125,704.25,93.60270125,2.5862499999999993,7.168125,3.5650000000000004,10.766250000000001,5.9193750000000005,3.560625,26.602840625
2026-08-02T22:41:52.042Z,MCT2408029,15.333611,74.206944,14.666666666666666,501.23869999999994,708.6666666666666,93.65260666666666,2.796666666666667,7.213333333333334,5.683333333333334,16.763333333333332,9.020000000000001,3.686666666666666,26.559716666666663
2026-08-02T21:50:00.000Z,MCT2408040,15.528056,74.020833,19,100,511.15384615384613,89.09746615384617,8.164615384615386,5.000769230769231,3.07,8.42,3.729999999999999,3.5,27.274452307692304
2026-08-02T22:00:00.000Z,MCT2408040,15.528056,74.020833,19.0625,100,510.5625,89.11756749999999,8.196250000000001,4.9675,3.07,8.42,3.7299999999999986,3.5,27.24836125000001
2026-08-02T22:10:00.000Z,MCT2408040,15.528056,74.020833,19,100,517.0625,89.110415625,8.123125,4.9731250000000005,3.07,8.42,3.7299999999999986,3.5,27.26847125
2026-08-02T22:20:00.000Z,MCT2408040,15.528056,74.020833,19.0625,100,519.1875,89.06130437499998,8.215625,5.016875000000001,3.07,8.42,3.7299999999999986,3.5,27.234284374999998
2026-08-02T22:30:00.000Z,MCT2408040,15.528056,74.020833,19,100,525.125,89.06511812499998,8.195000000000002,4.9975,3.07,8.42,3.7299999999999986,3.5,27.214172499999993
2026-08-02T22:40:00.000Z,MCT2408040,15.528056,74.020833,18.9375,100,528.6875,89.118045625,8.09,4.964375,3.07,8.42,3.7299999999999986,3.5,27.20747
2026-08-02T22:41:52.246Z,MCT2408040,15.528056,74.020833,19,100,536.3333333333334,89.10803,8.200000000000001,5.026666666666666,3.07,8.42,3.73,3.5,27.217526666666668
2026-08-02T21:50:00.000Z,MCT2408027,15.275556,74.1075,23.307692307692307,1164.5546153846153,600.2307692307693,91.77127923076924,6.579999999999999,12.749230769230772,6.220769230769232,20.625384615384615,11.555384615384618,2.95,27.11274692307692
2026-08-02T22:00:00.000Z,MCT2408027,15.275556,74.1075,23.625,1162.9675000000002,607.4375,91.75447750000004,6.579999999999999,12.859375000000005,6.593750000000002,21.37875,11.921875,2.9500000000000006,27.121668749999994
2026-08-02T22:10:00.000Z,MCT2408027,15.275556,74.1075,23.5625,1162.3625,622.375,91.77832000000002,6.579999999999999,12.683125000000004,6.347500000000002,21.13125,12.044374999999999,2.9500000000000006,27.129711874999998
2026-08-02T22:20:00.000Z,MCT2408027,15.275556,74.1075,23.8125,1165.589375,606.0625,91.83363375000002,6.579999999999999,12.725000000000001,6.533125000000001,21.748750000000005,12.354374999999997,2.9500000000000006,27.118315625
2026-08-02T22:30:00.000Z,MCT2408027,15.275556,74.1075,24.625,1166.1368750000001,589.5625,92.00386312500002,6.579999999999999,12.720000000000002,6.348750000000001,22.54875,13.339375,2.9500000000000006,27.09284437500001
2026-08-02T22:40:00.000Z,MCT2408027,15.275556,74.1075,24.5,1156.016875,584.875,92.01196875000001,6.579999999999999,12.746875000000005,7.087500000000001,23.103124999999995,13.092500000000003,2.9500000000000006,27.13909625
2026-08-02T22:41:52.246Z,MCT2408027,15.275556,74.1075,26.666666666666668,1157.1633333333332,622,91.96905666666667,6.580000000000001,12.88,8.546666666666667,27.27333333333333,15.15,2.9500000000000006,27.17462
2026-08-02T21:50:00.000Z,MCT2408049,15.475278,74.055833,56.53846153846154,150,555.1538461538462,88.55930307692307,24.09538461538461,10.83769230769231,3.8299999999999987,10.311538461538465,4.955384615384616,2.61,27.32642846153846
2026-08-02T22:00:00.000Z,MCT2408049,15.475278,74.055833,56.75,150,570.5,88.59590874999999,24.056250000000002,9.9175,3.878124999999999,10.818125000000002,5.369999999999999,2.61,27.30735
2026-08-02T22:10:00.000Z,MCT2408049,15.475278,74.055833,56.5,150,569.25,88.476699375,24.116875,10.406874999999998,3.8299999999999987,10.436250000000003,5.08125,2.61,27.28991999999999
2026-08-02T22:20:00.000Z,MCT2408049,15.475278,74.055833,56.875,150,577.5625,88.33603437500001,24.359375,9.354375,3.8299999999999987,10.150000000000004,4.7924999999999995,2.61,27.22623875
2026-08-02T22:30:00.000Z,MCT2408049,15.475278,74.055833,57.0625,150.64785625000002,580.125,88.350338125,24.434375,8.9975,3.8299999999999987,10.580000000000004,5.225625000000001,2.61,27.190038124999994
2026-08-02T22:40:00.000Z,MCT2408049,15.475278,74.055833,56.875,150,577.6875,88.48862125000001,24.36875,9.867499999999998,3.8299999999999987,11.25125,5.899375,2.61,27.141106875000006
2026-08-02T22:41:52.297Z,MCT2408049,15.475278,74.055833,56.333333333333336,150,577,88.68841333333334,23.983333333333334,8.446666666666667,3.83,11.49,6.14,2.61,27.095973333333333
2026-08-02T21:50:00.000Z,MCT2408046,15.529167,74.07,31,237.04000000000002,758.85,92.84719900000002,13.328126499999996,25.085295499999994,5.5625,15.1,7.302631700000001,3.8585000000000003,26.5954675
2026-08-02T22:00:00.000Z,MCT2408046,15.529167,74.07,30.96,237.04,757.36,92.9541616,13.407639599999998,23.101765999999998,7.35,20.72,10.168421879999997,3.8024000000000004,26.59503800000001
2026-08-02T22:10:00.000Z,MCT2408046,15.529167,74.07,30.96,237.04,723.72,92.71551519999997,13.3184356,24.545883599999993,7.825,21.76,10.56842316,3.6420000000000003,26.677836799999994
2026-08-02T22:20:00.000Z,MCT2408046,15.529167,74.07,30.923076923076923,237.04,732.1923076923077,92.62752884615382,13.335458846153845,25.433259230769234,6.875,19.73076923076923,9.777328038461539,3.7919230769230783,26.668892692307697
2026-08-02T22:30:00.000Z,MCT2408046,15.529167,74.07,31.12,237.04,732.96,92.4405528,13.436112400000003,25.429412399999997,8.35,22.88,10.8842124,3.673600000000001,26.7181652
2026-08-02T22:40:00.000Z,MCT2408046,15.529167,74.07,31,237.04,729.88,92.15490720000001,13.4465904,24.838824399999993,8.925,24.68,11.726315599999996,3.8360000000000003,26.811260399999988
2026-08-02T22:41:52.298Z,MCT2408046,15.529167,74.07,31.25,237.04,684.5,92.10638250000001,13.6162375,26.139705,8.4375,23.5,11.18421,4.0125,26.84215
2026-08-02T21:50:00.000Z,MCT2408044,15.313669,74.140042,26,214.29,506.46153846153845,93.48554307692308,11.12923076923077,3.417692307692308,2.87,7.5,4.32,4.459368769230769,26.57236769230769
2026-08-02T22:00:00.000Z,MCT2408044,15.313669,74.140042,26,214.29,505.46666666666664,93.671936,11.172666666666666,3.348,2.8699999999999997,7.5,4.320000000000001,4.3834186666666675,26.49608266666667
2026-08-02T22:10:00.000Z,MCT2408044,15.313669,74.140042,26.4,214.29,509.53333333333336,93.80163666666668,11.484666666666666,3.32,2.8699999999999997,7.5,4.320000000000001,4.402307533333333,26.451038000000004
2026-08-02T22:20:00.000Z,MCT2408044,15.313669,74.140042,26.066666666666666,214.29,517.0666666666667,93.73449666666667,11.102666666666668,3.342,2.8699999999999997,7.5,4.320000000000001,4.224102466666667,26.488218
2026-08-02T22:30:00.000Z,MCT2408044,15.313669,74.140042,26,214.29,519.5333333333333,93.66888333333334,11.105333333333332,3.4386666666666668,2.8699999999999997,7.5,4.320000000000001,3.9786324000000004,26.515386666666664
2026-08-02T22:40:00.000Z,MCT2408044,15.313669,74.140042,26,214.29,517.8666666666667,94.00661066666665,11.128000000000002,3.376,2.8699999999999997,7.5,4.320000000000001,4.167777666666667,26.458188666666675
2026-08-02T22:41:52.297Z,MCT2408044,15.313669,74.140042,26,214.29,521.6666666666666,93.96287333333333,11.25,3.3666666666666667,2.8699999999999997,7.5,4.32,4.810256,26.516816666666667
2026-08-02T21:50:00.000Z,MCT2408042,15.213889,74.071667,60.07692307692308,274.66846153846154,473.3076923076923,88.92609923076922,25.233076923076922,14.743846153846153,7.000000000000001,23.22153846153846,13.317692307692305,4.224615384615384,28.296636153846144
2026-08-02T22:00:00.000Z,MCT2408042,15.213889,74.071667,60,281.211875,473.9375,89.59106687500001,24.947499999999994,14.824374999999998,8.246875000000001,26.449375,14.634375000000002,4.397499999999999,28.147926249999994
2026-08-02T22:10:00.000Z,MCT2408042,15.213889,74.071667,60.6,285.47933333333333,446.6666666666667,89.12278133333334,25.266666666666666,15.32,4.974666666666665,16.840666666666667,9.717333333333332,4.559333333333333,27.973287333333335
2026-08-02T22:20:00.000Z,MCT2408042,15.213889,74.071667,60.5,288.30499999999995,435,88.603061875,25.46125,15.703124999999998,4.549999999999999,15.046875000000004,8.655,4.405,27.796680000000002
2026-08-02T22:30:00.000Z,MCT2408042,15.213889,74.071667,60.0625,284.671875,444,89.06416375,25.150000000000006,15.633124999999996,5.061874999999999,17.099375,9.793125000000002,4.10125,27.759140000000002
2026-08-02T22:40:00.000Z,MCT2408042,15.213889,74.071667,60.375,257.4875,445.5625,89.75128624999998,25.513125,15.348125,7.0525,21.94625,11.899375000000001,4.355,27.70283375
2026-08-02T22:41:52.496Z,MCT2408042,15.213889,74.071667,60,225.70333333333335,450.6666666666667,90.03118666666666,24.790000000000003,15.193333333333333,11.526666666666666,35.26333333333333,18.830000000000002,4.376666666666666,27.671553333333332
2026-08-02T21:50:00.000Z,MCT2408037,15.394444,74.118333,25.23076923076923,160,479.2307692307692,86.9829523076923,10.592307692307694,214.0676923076923,4.573846153846155,17.423846153846153,9.22153846153846,3.7892307692307696,26.951048461538463
2026-08-02T22:00:00.000Z,MCT2408037,15.394444,74.118333,25.375,160,479.875,86.85497687499999,10.703125000000002,213.96125,4.09,15.229375000000003,8.011875,3.670625,27.030505625000004
2026-08-02T22:10:00.000Z,MCT2408037,15.394444,74.118333,25.375,160,476.8125,86.6656725,10.720625,214.75750000000002,4.3675,16.7625,8.945625,3.6274999999999995,27.06871375
2026-08-02T22:20:00.000Z,MCT2408037,15.394444,74.118333,25.6875,160,486.3125,86.60511312500002,10.890625000000002,213.45125000000002,5.39,20.239375,10.77125,3.5675000000000003,27.027155
2026-08-02T22:30:00.000Z,MCT2408037,15.394444,74.118333,25.25,160,488.875,86.65375000000003,10.560625000000002,214.46375000000003,5.76125,20.75,10.724375,3.6925,26.962135000000004
2026-08-02T22:40:00.000Z,MCT2408037,15.394444,74.118333,25.1875,160,486.375,86.61131250000001,10.577500000000002,212.01125,4.784375,18.603125,10.02125,3.8018750000000003,26.946046250000002
2026-08-02T22:41:52.495Z,MCT2408037,15.394444,74.118333,25.333333333333332,160,485,86.62593666666668,10.623333333333333,209.82000000000002,4.46,17.99,9.74,3.85,26.90649666666667
2026-08-02T21:50:00.000Z,MCT2408041,15.224628,74.171389,32.61538461538461,450.2238230769231,478.38461538461536,92.00426692307691,13.679230769230768,9.700000000000001,8.090000000000002,20.25,8.900000000000002,8.024615384615384,26.517917692307694
2026-08-02T22:00:00.000Z,MCT2408041,15.224628,74.171389,32.8125,451.55231875000004,478.125,91.7501875,13.800624999999998,9.7,8.090000000000002,20.300625,8.950625000000002,7.951250000000001,26.576029374999994
2026-08-02T22:10:00.000Z,MCT2408041,15.224628,74.171389,32.875,451.7535874999999,476.0625,91.61095312500001,13.78,9.7,8.090000000000002,20.25,8.900000000000002,7.858124999999999,26.64641250000001
2026-08-02T22:20:00.000Z,MCT2408041,15.224628,74.171389,32.75,453.96446249999997,478.125,91.65052749999998,13.766874999999999,9.7,8.090000000000002,20.25,8.900000000000002,8.009375,26.61959875
2026-08-02T22:30:00.000Z,MCT2408041,15.224628,74.171389,32.875,442.9279875,482.5,91.827435625,13.748749999999998,9.7,8.090000000000002,20.503125,9.152500000000002,8.06375,26.596138749999998
2026-08-02T22:40:00.000Z,MCT2408041,15.224628,74.171389,32.8125,450.1653375,474.5625,92.01101687500001,13.808125,9.7,8.090000000000002,20.401875,9.051250000000003,8.1075,26.608203750000005
2026-08-02T22:41:52.549Z,MCT2408041,15.224628,74.171389,33,427.82563333333337,477,91.93091,13.823333333333332,9.7,8.09,20.25,8.9,7.756666666666667,26.652666666666665
2026-08-02T21:50:00.000Z,MCT2408024,15.148056,74.131667,40.65,218.18629499999997,637.3,82.12294000000001,17.614836000000004,8.225108549999998,5,15.440000000000003,8.440000000000001,2.5020000000000002,28.55172599999999
2026-08-02T22:00:00.000Z,MCT2408024,15.148056,74.131667,40.32,217.388764,631.12,81.88543799999997,17.374923200000005,8.080808399999997,5,15.710000000000004,8.710000000000003,2.5056,28.64053039999999
2026-08-02T22:10:00.000Z,MCT2408024,15.148056,74.131667,40.8,217.899972,552.76,81.9269408,17.789436799999997,7.965368279999996,5.2,17.470000000000006,10.070000000000004,2.4976000000000003,28.628517200000005
2026-08-02T22:20:00.000Z,MCT2408024,15.148056,74.131667,40.708333333333336,218.85808333333333,610.9166666666666,82.12300541666669,17.690285416666665,8.417508749999996,5.083333333333333,16.990000000000006,9.823333333333336,2.51125,28.592572500000003
2026-08-02T22:30:00.000Z,MCT2408024,15.148056,74.131667,40.64,218.35430399999998,622.32,82.04687559999998,17.5915648,7.245021919999997,5.678799999999999,19.550000000000004,11.310000000000002,2.5203999999999995,28.609212399999993
2026-08-02T22:40:00.000Z,MCT2408024,15.148056,74.131667,40.68,219.27610800000002,552.44,81.50274599999999,17.6474916,5.27388192,5.28,18.590000000000003,11.030000000000005,2.5176000000000003,28.6336644
2026-08-02T22:41:52.549Z,MCT2408024,15.148056,74.131667,41.2,220.42912,453,81.509154,18.025458000000004,5.3160176,5,17.79,10.790000000000001,2.532,28.62251
2026-08-02T21:50:00.000Z,MCT2408033,15.346944,74.007778,20.384615384615383,116.13286153846154,542.6153846153846,90.41735384615384,8.496153846153847,51.713393846153856,5.219230769230771,14.436923076923078,9.366153846153846,4.39,27.76368
2026-08-02T22:00:00.000Z,MCT2408033,15.346944,74.007778,20.0625,117.14436875,523.125,90.46225000000001,8.234375,51.709339375000006,5.187500000000001,14.197499999999998,9.153749999999999,4.39,27.708866875000002
2026-08-02T22:10:00.000Z,MCT2408033,15.346944,74.007778,20.875,117.73603125,547.3125,90.45080687500003,8.889375000000001,51.649098124999995,5.1868750000000015,13.91,8.786874999999998,4.39,27.645857499999998
2026-08-02T22:20:00.000Z,MCT2408033,15.346944,74.007778,20.125,116.10789999999999,530.625,90.45700500000001,8.301875,51.709339375,5.3775,14.421875000000002,9.189374999999998,4.39,27.674009999999996
2026-08-02T22:30:00.000Z,MCT2408033,15.346944,74.007778,19.8125,116.22024374999998,540.4375,90.49276562500002,8.089375,52.698608750000005,4.96125,13.493125000000003,8.713125,4.39,27.68138375
2026-08-02T22:40:00.000Z,MCT2408033,15.346944,74.007778,20,116.0567875,561.875,90.49944187500003,8.242500000000001,53.311371875000006,5.074375000000001,13.748750000000003,8.823749999999999,4.39,27.645857500000005
2026-08-02T22:41:52.549Z,MCT2408033,15.346944,74.007778,20.333333333333332,118.39463333333333,553,90.56016,8.5,55.622490000000006,5.05,12.823333333333332,7.846666666666667,4.39,27.61435
2026-08-02T21:50:00.000Z,MCT2408022,15.475833,74.038889,28.692307692307693,150,448.9230769230769,91.00188307692306,3.8853846153846154,11.255561538461539,8.692307692307692,28.923076923076923,16.615384615384617,4.266519307692308,27.086347692307694
2026-08-02T22:00:00.000Z,MCT2408022,15.475833,74.038889,27.4375,150,453.9375,91.01633437499999,3.9256249999999993,11.264559375000001,8.125,26.5,15.125,4.2658741875,27.039888750000003
2026-08-02T22:10:00.000Z,MCT2408022,15.475833,74.038889,26.875,150,450.9375,90.95672875000001,4.258750000000001,11.2824425,7.75,25.5625,14.6875,4.2564253125,27.029164375000004
2026-08-02T22:20:00.000Z,MCT2408022,15.475833,74.038889,27.1875,150,456.3125,90.89760312500002,4.234374999999999,11.168173125000003,7.6875,25.8125,15.0625,4.264500625,27.004363750000007
2026-08-02T22:30:00.000Z,MCT2408022,15.475833,74.038889,33.333333333333336,150,447.3333333333333,90.957904,4.247999999999999,11.125166666666669,11.8,38.06666666666667,21.333333333333332,4.260718,26.941532666666664
2026-08-02T22:40:00.000Z,MCT2408022,15.475833,74.038889,41.5,150,442.3125,90.98629187499998,4.316875,11.110505624999998,16.875,54.5,30.375,4.2464605625,26.935320625000003
2026-08-02T22:41:52.746Z,MCT2408022,15.475833,74.038889,44.333333333333336,150,443.6666666666667,90.96197333333333,4.326666666666667,11.37182,19,60,32.666666666666664,4.184021666666666,26.9494
2026-08-02T21:50:00.000Z,MCT2408045,15.619444,73.878889,28,178.11999999999995,652.8461538461538,88.08745076923077,11.653076923076922,17.455384615384617,3.754615384615385,12.900769230769232,6.83076923076923,2.5300000000000002,27.4411
2026-08-02T22:00:00.000Z,MCT2408045,15.619444,73.878889,27.75,178.11999999999995,639.6875,88.040873125,11.499374999999999,17.400625,3.870625000000001,13.511874999999998,7.282500000000001,2.5300000000000002,27.442749999999993
2026-08-02T22:10:00.000Z,MCT2408045,15.619444,73.878889,27.625,178.11999999999995,652.1875,88.07806000000002,11.344375,17.87125,3.995625000000001,13.868125000000001,7.4225,2.5300000000000002,27.442749999999993
2026-08-02T22:20:00.000Z,MCT2408045,15.619444,73.878889,27.5,178.11999999999995,645.9375,88.06233,11.373125,17.713125,3.8068750000000016,13.19125,7.034375,2.5300000000000002,27.448785
2026-08-02T22:30:00.000Z,MCT2408045,15.619444,73.878889,28,178.11999999999995,645.25,88.06805000000003,11.725624999999997,17.625000000000004,3.680000000000001,13.013125000000002,7.07,2.5300000000000002,27.442749999999993
2026-08-02T22:40:00.000Z,MCT2408045,15.619444,73.878889,27.75,178.11999999999995,662.125,88.04468875,11.573749999999999,18.041874999999997,3.6812500000000012,12.728125000000002,6.788125000000002,2.5300000000000002,27.431354999999996
2026-08-02T22:41:52.746Z,MCT2408045,15.619444,73.878889,28.666666666666668,178.12,660,88.04500666666667,12.296666666666667,17.89,3.69,13.12,7.166666666666667,2.53,27.3927
2026-08-02T21:50:00.000Z,MCT2408031,15.290833,74.149167,17.846153846153847,178.58558461538462,551.5384615384615,87.88087384615386,7.153716000000001,7.118784923076922,4.252307692307692,11.335384615384614,6.336923076923076,4.837692307692308,26.590519230769228
2026-08-02T22:00:00.000Z,MCT2408031,15.290833,74.149167,18,176.832975,556.125,87.89686749999998,7.2987488125,6.4016216875000005,4.0181249999999995,10.596875,5.950624999999998,5.18125,26.59546999999999
2026-08-02T22:10:00.000Z,MCT2408031,15.290833,74.149167,18.1875,177.22034999999997,554.1875,87.89639062499998,7.46608425,6.028559125,4.108124999999999,10.976875,6.220625000000001,4.896875,26.594128749999996
2026-08-02T22:20:00.000Z,MCT2408031,15.290833,74.149167,18.125,173.25992500000004,562.125,87.8968675,7.523358312500001,6.2670063124999995,4.40625,11.601875,6.45875,5.099375,26.586753124999994
2026-08-02T22:30:00.000Z,MCT2408031,15.290833,74.149167,17.875,170.967975,556.3125,87.83773562499998,7.2392313125,6.266037562499999,4.614375,12.254374999999998,6.845000000000001,4.946874999999999,26.61691875
2026-08-02T22:40:00.000Z,MCT2408031,15.290833,74.149167,17.75,169.60200625000002,560.875,87.89829812499998,7.0606786874999985,6.831802499999999,5.3268749999999985,14.075625,7.79875,5.1312500000000005,26.641050000000003
2026-08-02T22:41:52.804Z,MCT2408031,15.290833,74.149167,17.666666666666668,170.00199999999998,553.3333333333334,87.91276333333333,6.962978333333333,6.152315333333334,5.713333333333334,15.073333333333332,8.256666666666668,4.92,26.67054
2026-08-02T21:50:00.000Z,MCT2408036,15.171567,74.067106,35.84615384615385,120,421.46153846153845,91.81881538461539,10.466153846153846,7.821538461538461,8.988461538461538,26.926153846153845,14.574615384615385,10.808461538461538,27.530202307692306
2026-08-02T22:00:00.000Z,MCT2408036,15.171567,74.067106,35.13333333333333,120,426.93333333333334,91.23154799999998,10.560666666666664,8.203333333333331,5.683333333333333,17.967333333333332,10.06466666666667,10.452666666666667,27.687282000000003
2026-08-02T22:10:00.000Z,MCT2408036,15.171567,74.067106,35.6875,120,428.0625,91.32055687500001,10.807499999999997,8.00625,6.085624999999999,19.0925,10.701875000000001,10.845625,27.614352500000006
2026-08-02T22:20:00.000Z,MCT2408036,15.171567,74.067106,36.75,120,419.5,90.33827250000002,10.81875,7.631875000000002,5.493125000000001,16.36875,8.740625,11.498125,27.56541875
2026-08-02T22:30:00.000Z,MCT2408036,15.171567,74.067106,37.0625,120,411.8125,90.41504250000001,10.959374999999998,7.996875000000001,4.4399999999999995,14.436874999999999,8.423749999999998,11.594375,27.42063125
2026-08-02T22:40:00.000Z,MCT2408036,15.171567,74.067106,36.06666666666667,120,417.26666666666665,90.35874333333332,10.863333333333333,8.134666666666666,3.9993333333333334,13.67666666666667,8.275333333333332,11.08,27.58003266666667
2026-08-02T22:41:52.804Z,MCT2408036,15.171567,74.067106,36.333333333333336,120,425.6666666666667,90.40248333333334,10.376666666666667,7.983333333333333,4.386666666666667,13.846666666666666,7.94,11.270000000000001,27.61435333333333
2026-08-02T21:50:00.000Z,MCT2408032,15.525556,73.828611,35.142857142857146,220.43142857142854,711.4285714285714,84.47008809523811,14.846190476190475,42.46904761904762,7.255714285714287,20.79190476190476,10.583809523809524,3.1995238095238094,28.848250476190476
2026-08-02T22:00:00.000Z,MCT2408032,15.525556,73.828611,35.8,220.8692,704.2,84.25970520000001,15.424400000000006,43.4688,7.120000000000002,19.6836,9.685600000000004,3.1519999999999997,28.856321200000007
2026-08-02T22:10:00.000Z,MCT2408032,15.525556,73.828611,35.4,217.16280000000003,724.48,84.52032640000002,15.135200000000005,44.5076,7.120000000000002,19.7412,9.740400000000001,3.076,28.849027200000005
2026-08-02T22:20:00.000Z,MCT2408032,15.525556,73.828611,35.44,213.2112,716.16,84.4852312,15.132400000000002,43.506800000000005,7.120000000000002,20.1968,10.193200000000003,3.0216000000000003,28.843878800000002
2026-08-02T22:30:00.000Z,MCT2408032,15.525556,73.828611,35.24,222.1968,711.2,84.18951319999998,14.908400000000004,44.1764,7.120000000000002,18.149199999999997,8.155200000000004,3.0240000000000005,28.8704788
2026-08-02T22:40:00.000Z,MCT2408032,15.525556,73.828611,35.6,225.9388,731.76,84.4318252,15.304400000000001,43.022,7.120000000000002,17.524399999999996,7.5324000000000035,3.0248000000000004,28.844307200000006
2026-08-02T22:41:52.803Z,MCT2408032,15.525556,73.828611,35.6,225.18599999999998,727.8,84.62347600000001,15.060000000000002,42.11800000000001,7.12,17.07,7.08,3.024,28.828434000000005
2026-08-02T21:50:00.000Z,MCT2408039,15.163611,74.110833,29,366.86769230769227,460.0769230769231,86.43715615384616,10.006923076923076,10.299999999999999,9.019999999999998,28.94,11.76,2.3000000000000003,27.899807692307697
2026-08-02T22:00:00.000Z,MCT2408039,15.163611,74.110833,29,368.9425,465.3125,86.428206875,9.338125,10.3,9.019999999999998,28.94,11.759999999999998,2.3,27.925382499999998
2026-08-02T22:10:00.000Z,MCT2408039,15.163611,74.110833,29,374.92875,461.375,86.42630000000001,10.055,10.3,9.019999999999998,28.94,11.759999999999998,2.3,27.913316250000005
2026-08-02T22:20:00.000Z,MCT2408039,15.163611,74.110833,29,380.241875,458.4375,86.43106750000001,10.240624999999998,10.3,9.019999999999998,28.94,11.759999999999998,2.3,27.881142500000003
2026-08-02T22:30:00.000Z,MCT2408039,15.163611,74.110833,29,387.59062500000005,449.875,86.5631525,8.322499999999998,10.3,9.019999999999998,28.94,11.759999999999998,2.3,27.696129999999993
2026-08-02T22:40:00.000Z,MCT2408039,15.163611,74.110833,29,379.6112499999999,441.75,86.31853312499999,9.10625,10.3,9.019999999999998,28.94,11.759999999999998,2.3,27.60832
2026-08-02T22:41:52.994Z,MCT2408039,15.163611,74.110833,29,382.31333333333333,453.3333333333333,86.26735333333335,10.453333333333333,10.3,9.02,28.94,11.76,2.3,27.582180000000005
2026-08-02T21:50:00.000Z,MCT2408035,15.236111,74.125,49.38461538461539,190,592.2307692307693,90.96549692307691,19.979108461538463,64.78738615384613,3.7999999999999994,10.19,4.909999999999998,3.8299999999999987,26.898248461538454
2026-08-02T22:00:00.000Z,MCT2408035,15.236111,74.125,49.8125,190,617.3125,91.0044125,20.373534375,66.10193062499998,3.799999999999999,10.19,4.909999999999998,3.8299999999999987,26.89845249999999
2026-08-02T22:10:00.000Z,MCT2408035,15.236111,74.125,49.8125,190,615.0625,90.98915187500002,20.413061874999997,67.21107062499999,3.799999999999999,10.19,4.909999999999998,3.8299999999999987,26.92392625
2026-08-02T22:20:00.000Z,MCT2408035,15.236111,74.125,49.5625,190,614.5625,91.08499875000001,20.1311375,64.57409062499998,3.799999999999999,10.19,4.909999999999998,3.8299999999999987,26.921915625000004
2026-08-02T22:30:00.000Z,MCT2408035,15.236111,74.125,49.1875,190,585.0625,91.30720500000001,19.762601249999996,64.5269525,3.799999999999999,10.19,4.909999999999998,3.8299999999999987,26.947386874999996
2026-08-02T22:40:00.000Z,MCT2408035,15.236111,74.125,49.375,190,612.4375,91.218036875,20.101491875,65.08152249999999,3.799999999999999,10.19,4.909999999999998,3.8299999999999987,27.049944374999995
2026-08-02T22:41:52.993Z,MCT2408035,15.236111,74.125,48.666666666666664,190,624.6666666666666,91.23154333333332,19.54985,65.12866,3.7999999999999994,10.19,4.91,3.83,27.085246666666666
2026-08-02T21:50:00.000Z,MCT2408038,15.188889,74.055556,37.30769230769231,288.2146153846154,587.5384615384615,91.01948846153844,14.239999999999998,13.330000000000004,16.201538461538462,46.64384615384615,23.19,4.7823076923076915,28.17288230769231
2026-08-02T22:00:00.000Z,MCT2408038,15.188889,74.055556,34.75,322.45,610.25,91.25093625,14.160625,13.330000000000005,12.815625000000002,37.21562500000001,18.704375,4.783125000000001,28.130499375000007
2026-08-02T22:10:00.000Z,MCT2408038,15.188889,74.055556,35.9375,338.22187499999995,606.0625,91.03063999999999,14.525625000000002,13.330000000000005,11.359374999999998,33.238125,16.69375,4.839375,28.0755325
2026-08-02T22:20:00.000Z,MCT2408038,15.188889,74.055556,34.75,427.6581249999999,558.25,89.466136875,14.4825,13.330000000000005,5.950000000000002,16.900000000000002,7.939999999999999,4.889374999999999,27.73635125
2026-08-02T22:30:00.000Z,MCT2408038,15.188889,74.055556,38.6875,420.34250000000003,565.125,89.40653250000003,14.731874999999999,13.330000000000005,9.386875000000002,27.399375000000003,13.4925,4.8793750000000005,27.403873749999995
2026-08-02T22:40:00.000Z,MCT2408038,15.188889,74.055556,49.1875,340.40749999999997,580.75,89.96633999999997,14.6775,13.330000000000005,23.963749999999997,70.141875,35.51625000000001,4.853125,27.28723937499999
2026-08-02T22:41:53.059Z,MCT2408038,15.188889,74.055556,35,386.81666666666666,527.3333333333334,90.21938,14.566666666666665,13.33,8.876666666666667,25.846666666666668,13.040000000000001,4.88,27.28188
2026-08-02T22:50:00.000Z,MCT2408055,15.585833,73.885556,19.285714285714285,105.38142857142859,707.7142857142857,90.64045142857142,8.531428571428572,28.375137142857145,5.6899999999999995,17.575714285714287,10.515714285714285,1.8985714285714281,27.245105714285717
2026-08-02T23:00:00.000Z,MCT2408055,15.585833,73.885556,19,103.018125,713.75,90.62866437500003,8.2,30.456824374999997,5.634375000000002,17.026250000000005,10.008124999999998,1.770625,27.223557499999995
2026-08-02T23:10:00.000Z,MCT2408055,15.585833,73.885556,19.1875,102.20437500000001,715.4375,90.57097000000003,8.356875000000002,31.415791875000004,5.461875000000001,16.943125,10.093124999999997,1.61625,27.228920625
2026-08-02T23:20:00.000Z,MCT2408055,15.585833,73.885556,19.125,103.38500000000002,708,90.64869312500002,8.343125,30.898139999999998,5.506250000000001,17.271250000000002,10.309374999999998,1.5549999999999997,27.222884999999998
2026-08-02T23:30:00.000Z,MCT2408055,15.585833,73.885556,19.1875,104.89187500000001,703.3125,90.65775375000001,8.34,29.802004999999998,5.37375,16.573125,9.838124999999998,1.7468750000000002,27.234956250000007
2026-08-02T23:40:00.000Z,MCT2408055,15.585833,73.885556,19.0625,103.35000000000001,704.8125,90.61817375000003,8.312500000000002,30.101384375000002,5.636250000000001,17.435624999999998,10.308749999999998,1.59875,27.275174375000002
2026-08-02T23:45:43.609Z,MCT2408055,15.585833,73.885556,19.11111111111111,106.19666666666666,696.6666666666666,90.56694333333333,8.263333333333334,28.22307111111111,5.4366666666666665,17.688888888888886,10.90777777777778,1.7922222222222222,27.32477777777778
2026-08-02T22:50:00.000Z,MCT2408057,15.272222,74.104722,28.545454545454547,336.5263636363636,497.3636363636364,85.59642909090908,12.159999999999998,9.31090909090909,4.768181818181817,14.753636363636362,8.252727272727272,2.3281818181818186,28.71318636363637
2026-08-02T23:00:00.000Z,MCT2408057,15.272222,74.104722,28.416666666666668,335.0429166666667,494.25,85.5447870833333,12.141250000000001,9.133333333333335,4.246250000000001,13.474583333333333,7.589166666666665,2.3145833333333337,28.635472083333337
2026-08-02T23:10:00.000Z,MCT2408057,15.272222,74.104722,28.44,327.564,492.24,85.68914799999999,12.0888,9.2276,4.983199999999999,15.199599999999998,8.3484,2.4048000000000003,28.563310399999995
2026-08-02T23:20:00.000Z,MCT2408057,15.272222,74.104722,28.28,339.49519999999995,500.08,86.27233920000002,12.098000000000003,9.104000000000001,4.290000000000001,13.750799999999996,7.816000000000002,2.3504,28.4080128
2026-08-02T23:30:00.000Z,MCT2408057,15.272222,74.104722,28.28,340.9563999999999,494.12,86.74017319999997,11.756399999999996,9.0272,4.768399999999998,14.430399999999997,7.948400000000001,2.2447999999999997,28.2338332
2026-08-02T23:40:00.000Z,MCT2408057,15.272222,74.104722,28.76,338.1563999999999,478.56,85.9610592,12.236399999999998,9.1128,4.5055999999999985,14.090399999999995,7.9056,2.2584,28.436755599999998
2026-08-02T23:45:43.609Z,MCT2408057,15.272222,74.104722,28.266666666666666,316.29866666666663,475.73333333333335,85.82383066666668,12.062000000000001,9.197333333333335,6.595333333333334,19.978000000000005,10.738666666666669,2.542666666666667,28.440902666666673
2026-08-02T22:50:00.000Z,MCT2408020,15.543475,74.039433,21.857142857142858,180,664.5714285714286,89.94072571428572,9.439094142857142,19.862845714285715,5.57,17.97571428571429,9.555714285714286,3.66,27.46266857142857
2026-08-02T23:00:00.000Z,MCT2408020,15.543475,74.039433,22,180,666.875,89.90387250000002,9.6503073125,20.283983749999997,5.6274999999999995,18.174999999999997,9.696874999999999,3.6599999999999984,27.44677375
2026-08-02T23:10:00.000Z,MCT2408020,15.543475,74.039433,21.875,180,674.4375,90.08602812500001,9.474355625,20.1323375,5.6274999999999995,18.291249999999998,9.813125,3.6599999999999984,27.382424375
2026-08-02T23:20:00.000Z,MCT2408020,15.543475,74.039433,21.9375,180,663.625,90.16947374999998,9.457189437499999,20.378149374999996,5.6274999999999995,18.69875,10.22,3.6599999999999984,27.3623125
2026-08-02T23:30:00.000Z,MCT2408020,15.543475,74.039433,21.875,180,666.75,90.12846499999998,9.472144875,20.276407499999998,5.5699999999999985,18.523749999999996,10.103749999999998,3.6599999999999984,27.377059999999997
2026-08-02T23:40:00.000Z,MCT2408020,15.543475,74.039433,22.25,180,675.125,90.07935124999997,9.711168625,20.44765875,6.6674999999999995,20.620625000000004,11.033750000000001,3.6599999999999984,27.399852499999998
2026-08-02T23:45:43.607Z,MCT2408020,15.543475,74.039433,22.22222222222222,180,683.1111111111111,90.08290222222223,9.668008111111112,20.373362222222223,6.391111111111112,19.986666666666668,10.736666666666666,3.6599999999999997,27.411771111111115
2026-08-02T22:50:00.000Z,MCT2408056,15.579167,73.920833,21.714285714285715,180,776.8571428571429,90.87696142857143,6.927142857142857,12.586854571428571,6.972857142857143,21.860000000000003,12.448571428571427,1.5600000000000003,27.44734857142857
2026-08-02T23:00:00.000Z,MCT2408056,15.579167,73.920833,22.5,180,784.9375,90.99726187500002,6.781875000000001,11.918720687500002,7.390625,23.167500000000004,13.354375000000003,1.6856249999999997,27.385775624999997
2026-08-02T23:10:00.000Z,MCT2408056,15.579167,73.920833,23.1875,180,785.8125,91.00441375000001,6.966875,13.057365437500001,7.744375000000001,24.419375000000006,14.1775,1.5824999999999998,27.352930625000006
2026-08-02T23:20:00.000Z,MCT2408056,15.579167,73.920833,23.25,180,774.6875,91.09834937500001,6.760625000000001,13.1161973125,7.743125000000001,24.3625,14.176875,1.664375,27.352931875
2026-08-02T23:30:00.000Z,MCT2408056,15.579167,73.920833,28.8125,211.32846874999998,781.3125,91.035884375,14.115625000000001,100.6167775,7.8025,24.191875000000003,13.764375000000003,12.871875000000003,27.438730625
2026-08-02T23:40:00.000Z,MCT2408056,15.579167,73.920833,24.8125,187.5657875,767.3125,91.00584312499998,9.879375,59.050469375,6.334999999999999,20.949374999999996,12.358125000000003,7.839375000000001,27.475598749999996
2026-08-02T23:45:43.609Z,MCT2408056,15.579167,73.920833,23.444444444444443,180,744.5555555555555,90.97384333333333,6.86888888888889,11.660928111111112,8.030000000000001,24.994444444444444,14.475555555555555,1.7233333333333336,27.510677777777776
2026-08-02T22:50:00.000Z,MCT2408028,15.186944,74.096667,41.18181818181818,593.0218181818182,478,93.22582363636364,17.646363636363635,12.97272727272727,6.2627272727272745,21.876363636363635,12.83181818181818,1.3172727272727272,26.31856636363636
2026-08-02T23:00:00.000Z,MCT2408028,15.186944,74.096667,41.08,592.4092,477.68,93.4305412,17.586800000000004,13.150800000000002,6.710000000000001,23.744000000000007,14.156800000000002,1.354,26.282726399999998
2026-08-02T23:10:00.000Z,MCT2408028,15.186944,74.096667,41.083333333333336,597.555,472.75,93.6821725,17.557500000000008,12.969583333333333,7.281666666666667,24.77583333333334,14.45541666666667,1.629583333333333,26.2907
2026-08-02T23:20:00.000Z,MCT2408028,15.186944,74.096667,40.72,596.5564,476.88,93.94964599999999,17.358400000000007,12.691600000000003,6.950000000000001,24.5808,14.713200000000002,1.9851999999999999,26.339784400000006
2026-08-02T23:30:00.000Z,MCT2408028,15.186944,74.096667,40.6,596.4911999999999,482.64,94.0762948,17.378800000000002,12.824399999999999,8.390000000000002,29.11440000000001,17.2976,1.7036000000000002,26.395124
2026-08-02T23:40:00.000Z,MCT2408028,15.186944,74.096667,40.88,593.3444,493.56,94.30670159999995,17.471200000000007,12.686,7.590000000000001,25.414800000000003,14.752400000000005,1.9583999999999997,26.428158399999997
2026-08-02T23:45:43.609Z,MCT2408028,15.186944,74.096667,40.642857142857146,588.467857142857,493,94.29765499999998,17.333571428571428,12.579285714285716,8.918571428571427,29.759999999999998,17.11285714285714,1.86,26.45604142857143
2026-08-02T22:50:00.000Z,MCT2408021,15.500556,74.053333,49,375,579,90.76361142857142,20.762857142857143,13.987942857142857,2.994285714285714,9.812857142857142,6.324285714285715,4.3100000000000005,26.797715714285715
2026-08-02T23:00:00.000Z,MCT2408021,15.500556,74.053333,49.0625,375,578.625,90.78316187500002,20.775,14.119886249999999,2.9187499999999997,9.675624999999998,6.248124999999998,4.203124999999999,26.803268125000002
2026-08-02T23:10:00.000Z,MCT2408021,15.500556,74.053333,49.0625,375,577.125,90.83656750000002,20.820625000000007,13.918264375000001,2.889375,9.349374999999998,5.919999999999998,4.240625,26.791872500000007
2026-08-02T23:20:00.000Z,MCT2408021,15.500556,74.053333,48.9375,375,590.5625,90.82083062499997,20.579375,14.050486874999999,2.9774999999999996,9.211875000000001,5.682499999999998,4.226875,26.773105624999996
2026-08-02T23:30:00.000Z,MCT2408021,15.500556,74.053333,49.4375,375,603.3125,90.891403125,20.666875000000005,13.935111250000002,9.912500000000001,30.43375,19.01625,4.26375,26.74964374999999
2026-08-02T23:40:00.000Z,MCT2408021,15.500556,74.053333,49,375,611.3125,91.03969874999997,20.734374999999996,13.95081625,5.74375,17.935000000000002,11.399374999999996,4.27875,26.726852500000003
2026-08-02T23:45:43.844Z,MCT2408021,15.500556,74.053333,49.111111111111114,375,607.5555555555555,91.03064,20.745555555555555,13.96967,3.4366666666666656,10.724444444444446,6.823333333333333,4.27,26.72178777777778
2026-08-02T22:50:00.000Z,MCT2408053,15.263333,74.110833,40.142857142857146,142.3503857142857,607.2857142857143,93.39248285714287,14.45142857142857,25.295714285714286,4.589999999999999,14.165714285714285,8.54142857142857,6.648571428571429,26.840615714285715
2026-08-02T23:00:00.000Z,MCT2408053,15.263333,74.110833,44.875,184.59107500000002,636.875,93.19643437499998,18.355625000000003,26.101875,7.058750000000001,22.483749999999997,13.818125,6.625625,26.881695624999992
2026-08-02T23:10:00.000Z,MCT2408053,15.263333,74.110833,44.6875,218.51561875000004,632.4375,93.26128375,18.198125,27.338750000000005,4.820000000000001,17.258125,11.7025,6.81875,26.847509375000005
2026-08-02T23:20:00.000Z,MCT2408053,15.263333,74.110833,46.5,226.48789374999998,605.25,93.308966875,19.730625,25.660625000000003,4.590000000000002,15.313125000000003,9.868125000000001,6.970625,26.860246250000003
2026-08-02T23:30:00.000Z,MCT2408053,15.263333,74.110833,44,238.95904375000003,580.3125,92.76537375000001,17.584375,23.033125000000002,4.590000000000002,14.339375000000002,8.741875000000002,7.037500000000001,26.855553750000006
2026-08-02T23:40:00.000Z,MCT2408053,15.263333,74.110833,42.625,237.94058750000002,580.25,92.63471937499999,16.440624999999997,22.475625000000004,4.705000000000002,15.434375000000005,9.728125,7.043125,26.837456874999997
2026-08-02T23:45:43.844Z,MCT2408053,15.263333,74.110833,45.77777777777778,220.0525444444444,582.4444444444445,92.84050111111111,19.07555555555556,26.34444444444445,7.345555555555554,23.984444444444446,14.914444444444447,7.084444444444444,26.82188888888889
2026-08-02T22:50:00.000Z,MCT2408052,15.444425,74.063856,26.142857142857142,160,608.4285714285714,91.24535285714286,3.721904714285714,8,7.692857142857143,22.06857142857143,10.702857142857143,2,27.07196714285714
2026-08-02T23:00:00.000Z,MCT2408052,15.444425,74.063856,26.1875,160,620.75,91.168445,3.6911404375,8,7.755625,22.218125,10.809999999999999,2,27.1638975
2026-08-02T23:10:00.000Z,MCT2408052,15.444425,74.063856,26.266666666666666,160,603.5333333333333,91.33072933333334,3.727766000000001,8,7.827333333333333,22.412666666666663,10.842,2,27.157462000000002
2026-08-02T23:20:00.000Z,MCT2408052,15.444425,74.063856,26.25,160,600.3125,91.342015,3.7346051875,8.06777425,7.796874999999999,22.195625000000003,10.701874999999998,2,27.184677500000006
2026-08-02T23:30:00.000Z,MCT2408052,15.444425,74.063856,26.25,160,646.75,91.34964562500001,3.7767981875,8,7.8393749999999995,22.477500000000003,10.9175,2,27.192050000000002
2026-08-02T23:40:00.000Z,MCT2408052,15.444425,74.063856,26,160,620.125,91.29290125,3.7857456250000006,8.23655075,7.734999999999999,22.04625,10.638750000000002,2,27.1840075
2026-08-02T23:45:43.845Z,MCT2408052,15.444425,74.063856,26.22222222222222,160,558.7777777777778,91.14338333333333,3.913684222222222,8.057665333333334,7.804444444444446,22.219999999999995,10.741111111111111,2,27.185346666666664
2026-08-02T22:50:00.000Z,MCT2408051,15.486528,74.033889,52.142857142857146,296.6528571428571,554.2857142857143,99.14722285714286,22.154285714285713,5.19,3.73,10.570000000000002,4.9799999999999995,4.39,26.03622857142857
2026-08-02T23:00:00.000Z,MCT2408051,15.486528,74.033889,52.125,304.586875,551,99.10492375000001,22.143749999999997,5.1899999999999995,3.7299999999999986,10.569999999999997,4.980000000000002,4.39,26.05116875000001
2026-08-02T23:10:00.000Z,MCT2408051,15.486528,74.033889,52.0625,306.27687499999996,559.75,99.10158625000003,22.103749999999994,5.1899999999999995,3.7299999999999986,10.569999999999997,4.980000000000002,4.39,26.043795625
2026-08-02T23:20:00.000Z,MCT2408051,15.486528,74.033889,52.3125,309.12562499999996,546.0625,99.15212687500002,22.248125,5.1899999999999995,3.7299999999999986,10.569999999999997,4.980000000000002,4.39,26.065915625
2026-08-02T23:30:00.000Z,MCT2408051,15.486528,74.033889,52.125,309.510625,547.0625,99.07965,22.140624999999996,5.1899999999999995,3.7299999999999986,10.569999999999997,4.980000000000002,4.39,26.107475
2026-08-02T23:40:00.000Z,MCT2408051,15.486528,74.033889,52.4375,309.1631249999999,547,98.90512999999999,22.325000000000003,5.1899999999999995,3.7299999999999986,10.569999999999997,4.980000000000002,4.39,26.143670625000006
2026-08-02T23:45:43.855Z,MCT2408051,15.486528,74.033889,52.44444444444444,306.0711111111111,543,98.82703222222221,22.33222222222222,5.19,3.73,10.57,4.98,4.39,26.14858666666667
2026-08-02T22:50:00.000Z,MCT2408043,15.221111,74.087222,57,176.98833333333332,687.5,86.73783333333334,24.453333333333333,33.895,16.673333333333336,51.06833333333333,26.688333333333333,5.29,27.734115000000003
2026-08-02T23:00:00.000Z,MCT2408043,15.221111,74.087222,57.5,186.92785714285716,683.7857142857143,87.05245500000001,24.43071428571428,33.91357142857144,19.35928571428571,56.464285714285715,27.908571428571427,5.29,27.579113571428575
2026-08-02T23:10:00.000Z,MCT2408043,15.221111,74.087222,57,193.5573333333333,683.0666666666667,87.19102066666667,24.323333333333334,33.718,14.604666666666667,44.71666666666667,23.144666666666662,5.290000000000001,27.47278333333333
2026-08-02T23:20:00.000Z,MCT2408043,15.221111,74.087222,57,201.86928571428572,686.2857142857143,87.49823142857144,24.399285714285714,33.969285714285725,16.009285714285713,47.63714285714287,24.157142857142862,5.29,27.388361428571436
2026-08-02T23:30:00.000Z,MCT2408043,15.221111,74.087222,57,193.40384615384613,679.2307692307693,87.42663,24.41769230769231,33.8723076923077,13.931538461538462,43.27923076923078,23.05923076923077,5.29,27.452653846153847
2026-08-02T23:40:00.000Z,MCT2408043,15.221111,74.087222,57,194.48399999999998,686.2666666666667,87.13100200000002,24.371333333333332,34.242,8.699333333333332,29.26733333333333,16.479333333333336,5.290000000000001,27.598622
2026-08-02T23:45:43.854Z,MCT2408043,15.221111,74.087222,64.11111111111111,176.62222222222218,698.2222222222222,87.25409,24.384444444444444,33.891111111111115,25.32888888888889,76.81777777777779,39.85666666666666,5.29,27.529743333333336
2026-08-02T22:50:00.000Z,MCT2408034,15.356389,74.123611,43,183.56131,494.4,79.48431400000001,15.2,5.4030000000000005,6.380000000000001,18.570999999999994,9.190999999999999,1.279,29.859115000000003
2026-08-02T23:00:00.000Z,MCT2408034,15.356389,74.123611,43,181.25565600000002,493.08,79.68359519999997,15.199999999999994,4.791599999999999,6.379999999999998,19.9184,10.5384,1.2235999999999998,29.824580799999985
2026-08-02T23:10:00.000Z,MCT2408034,15.356389,74.123611,43,180.000864,491.6,80.0397332,15.199999999999994,5.184399999999999,6.379999999999998,19.319199999999995,9.9392,1.3107999999999997,29.77095599999999
2026-08-02T23:20:00.000Z,MCT2408034,15.356389,74.123611,43,180.0728,488.88,79.85540639999996,15.199999999999994,5.5736,6.379999999999998,18.982799999999997,9.602799999999998,1.2327999999999997,29.851179199999997
2026-08-02T23:30:00.000Z,MCT2408034,15.356389,74.123611,43,182.1809,490.08,79.79803439999998,15.199999999999994,4.953599999999999,6.379999999999998,19.729999999999997,10.35,1.3495999999999997,29.89622320000001
2026-08-02T23:40:00.000Z,MCT2408034,15.356389,74.123611,42.92,180,493.64,79.80078040000001,15.199999999999994,4.7976,7.217199999999999,22.7704,12.264,1.1843999999999997,29.933977600000002
2026-08-02T23:45:44.047Z,MCT2408034,15.356389,74.123611,41,180,494.92857142857144,79.75112357142856,15.199999999999998,4.975714285714285,6.834999999999999,21.70428571428571,11.787142857142857,1.3742857142857143,29.937869285714292
2026-08-02T22:50:00.000Z,MCT2408029,15.333611,74.206944,14,500.76324285714287,701,93.73471714285714,3.882857142857144,7.345714285714286,4.958571428571429,15.194285714285716,8.48857142857143,3.5,26.53265
2026-08-02T23:00:00.000Z,MCT2408029,15.333611,74.206944,12.5,503.0731749999999,706.0625,93.83205875000003,3.1956249999999993,7.21,4.083125,12.39125,6.801875000000002,3.5,26.521063125
2026-08-02T23:10:00.000Z,MCT2408029,15.333611,74.206944,12.75,508.07773750000007,710.1875,93.81918250000003,2.876875,7.202500000000001,4.414375,13.293124999999996,7.318125000000001,3.5,26.563292499999996
2026-08-02T23:20:00.000Z,MCT2408029,15.333611,74.206944,12.75,507.49340624999996,710.9375,93.82204312500002,3.458124999999999,7.4,4.340625,13.041249999999998,7.133750000000001,3.5,26.582730625000003
2026-08-02T23:30:00.000Z,MCT2408029,15.333611,74.206944,12.8125,496.42732500000005,704.125,94.01945375,3.331875,7.79875,4.266875,13.656249999999998,7.8325000000000005,3.55125,26.595467500000005
2026-08-02T23:40:00.000Z,MCT2408029,15.333611,74.206944,12.5625,499.20293749999996,707.5,93.89976875,2.865624999999999,7.194999999999999,4.230624999999999,13.041874999999997,7.28125,3.55125,26.67121375
2026-08-02T23:45:44.050Z,MCT2408029,15.333611,74.206944,12,499.28309999999993,714,93.7924788888889,2.8500000000000005,7.139999999999999,3.8577777777777778,12.011111111111113,6.601111111111112,3.5077777777777777,26.694376666666667
2026-08-02T22:50:00.000Z,MCT2408030,15.142519,74.075003,26.833333333333332,164.67123333333333,434.1666666666667,85.93420000000002,9.011666666666668,6.2,9.37,26.460000000000004,14.200000000000001,3.811666666666666,27.560730000000003
2026-08-02T23:00:00.000Z,MCT2408030,15.142519,74.075003,26.5,167.7664625,435.75,85.90130249999999,8.785625,6.200000000000002,9.370000000000001,25.777499999999996,13.489999999999998,3.963749999999999,27.560729999999992
2026-08-02T23:10:00.000Z,MCT2408030,15.142519,74.075003,26.5625,167.71137500000003,433.3125,85.8369275,8.990625000000001,6.200000000000002,9.370000000000001,25.720624999999995,13.432500000000001,4.2631250000000005,27.558718749999993
2026-08-02T23:20:00.000Z,MCT2408030,15.142519,74.075003,26.466666666666665,166.79838,437.1333333333333,85.870118,8.674000000000001,6.200000000000002,9.370000000000001,25.792666666666666,13.505999999999998,3.9720000000000004,27.509963999999993
2026-08-02T23:30:00.000Z,MCT2408030,15.142519,74.075003,26.6875,167.02169375,432.5625,85.775895625,8.898125000000002,6.200000000000002,9.370000000000001,26.232499999999998,13.96375,4.233750000000001,27.553356249999993
2026-08-02T23:40:00.000Z,MCT2408030,15.142519,74.075003,26.625,166.5080625,432.625,85.75729937500002,8.699375000000002,6.200000000000002,9.370000000000001,26.290625,14.023125,4.03,27.545311249999997
2026-08-02T23:45:44.047Z,MCT2408030,15.142519,74.075003,27.666666666666668,166.46186666666665,430.6666666666667,85.67141333333335,9.020000000000001,6.200000000000001,9.37,28.183333333333334,15.98777777777778,4.302222222222222,27.55953777777778
2026-08-02T22:50:00.000Z,MCT2408050,15.553611,73.958333,27.714285714285715,86.02999999999999,571.2857142857143,92.97504714285716,11.515714285714285,3.8542857142857136,4.604285714285715,15.458571428571426,8.624285714285714,2.718571428571429,26.832954285714287
2026-08-02T23:00:00.000Z,MCT2408050,15.553611,73.958333,27.875,86.02999999999999,570.0625,92.92368187499997,11.598125000000001,4.010625000000001,5.090000000000001,17.442500000000003,9.783125000000002,2.6656250000000004,26.877674374999998
2026-08-02T23:10:00.000Z,MCT2408050,15.553611,73.958333,27.866666666666667,86.02999999999999,552.8,92.81133999999997,11.630666666666668,3.894666666666667,5.316666666666666,17.974666666666668,9.982000000000001,2.7973333333333334,26.897917333333325
2026-08-02T23:20:00.000Z,MCT2408050,15.553611,73.958333,27.75,86.02999999999999,541.75,92.862170625,11.454375,4.190625000000001,6.099375000000001,20.663749999999997,11.803749999999997,2.7637499999999995,26.935991249999997
2026-08-02T23:30:00.000Z,MCT2408050,15.553611,73.958333,27.75,86.02999999999999,518.6875,92.98424125000001,11.471875,4.2075000000000005,6.470625,21.791249999999998,12.494374999999998,2.7699999999999996,27.013076875000003
2026-08-02T23:40:00.000Z,MCT2408050,15.553611,73.958333,27.9375,86.02999999999999,546.75,93.02715687499999,11.529375,4.204375,5.940000000000001,19.642500000000002,10.953750000000001,2.801875000000001,27.102897499999997
2026-08-02T23:45:44.047Z,MCT2408050,15.553611,73.958333,27.9,86.02999999999999,577.1,93.100496,11.554999999999998,4.108,5.005000000000001,16.744999999999997,9.441,2.9210000000000003,27.111343000000005
2026-08-02T22:50:00.000Z,MCT2408023,15.499722,74.020833,36.42857142857143,204.56,539.2857142857143,90.88131999999999,9.907142857142857,17.89142857142857,8.325714285714286,29.13,19.47142857142857,4.869999999999999,27.024470000000004
2026-08-02T23:00:00.000Z,MCT2408023,15.499722,74.020833,36.25,201.90687499999999,545.4375,90.90284750000004,8.504375,18.7575,7.759999999999999,28.258750000000003,19.303125,5.29375,27.030505624999993
2026-08-02T23:10:00.000Z,MCT2408023,15.499722,74.020833,37.1875,193.898125,541.4375,90.87042062500001,8.81375,18.144374999999997,8.79125,30.474375,20.48125,5.397500000000001,27.017768125000003
2026-08-02T23:20:00.000Z,MCT2408023,15.499722,74.020833,38.125,197.87874999999997,543.4375,90.77505500000001,8.463750000000001,17.54625,9.821875,32.928749999999994,21.659375,5.443125,27.034525625000008
2026-08-02T23:30:00.000Z,MCT2408023,15.499722,74.020833,37.875,217.31874999999997,528.8125,90.81463187500002,9.12125,18.059375000000003,9.0275,31.740625,21.296875,4.952500000000001,26.99966937499999
2026-08-02T23:40:00.000Z,MCT2408023,15.499722,74.020833,42,192.98000000000002,538.5,90.90189375000001,9.024999999999999,18.598750000000003,12.753124999999997,41.158750000000005,26.4625,5.24125,27.01575812500001
2026-08-02T23:45:44.050Z,MCT2408023,15.499722,74.020833,41.77777777777778,159.81444444444443,549,90.93230777777775,8.257777777777777,18.571111111111108,13.66111111111111,42.49777777777778,26.099999999999998,4.936666666666667,27.02208777777778
2026-08-02T22:50:00.000Z,MCT2408027,15.275556,74.1075,29.428571428571427,1151.1671428571428,612.7142857142857,91.85461,6.579999999999999,12.855714285714287,10.848571428571429,32.95142857142857,17.364285714285717,2.9499999999999997,27.217520000000004
2026-08-02T23:00:00.000Z,MCT2408027,15.275556,74.1075,27.9375,1156.2224999999999,627.375,91.81885250000002,6.579999999999999,12.626875000000004,9.738750000000001,30.003750000000004,16.179375,2.9500000000000006,27.20947750000001
2026-08-02T23:10:00.000Z,MCT2408027,15.275556,74.1075,27.4375,1160.38625,645.3125,91.89133000000001,6.579999999999999,12.695625000000003,9.553749999999997,29.016875000000002,15.624375000000002,2.9500000000000006,27.2061275
2026-08-02T23:20:00.000Z,MCT2408027,15.275556,74.1075,25.5625,1162.751875,614.6875,91.91183375000003,6.579999999999999,12.837500000000006,7.951875000000001,25.258125,14.079375000000002,2.9500000000000006,27.226909375000005
2026-08-02T23:30:00.000Z,MCT2408027,15.275556,74.1075,24.4375,1165.7793749999998,600,91.78261062500002,6.579999999999999,12.776250000000005,6.533125000000001,22.486250000000002,13.216874999999998,2.9500000000000006,27.226239375000006
2026-08-02T23:40:00.000Z,MCT2408027,15.275556,74.1075,25.25,1162.20875,603.4375,91.71776187500001,6.579999999999999,12.624375000000002,7.333125000000003,24.211875000000006,13.896250000000002,2.9500000000000006,27.273164375
2026-08-02T23:45:44.247Z,MCT2408027,15.275556,74.1075,24.666666666666668,1160.3733333333332,587.8888888888889,91.59012999999999,6.579999999999999,12.614444444444448,7.449999999999999,23.65666666666667,13.285555555555554,2.9499999999999997,27.28664444444444
2026-08-02T22:50:00.000Z,MCT2408040,15.528056,74.020833,19.333333333333332,100,523.1666666666666,89.06098666666666,8.461666666666666,4.991666666666666,3.07,8.42,3.73,3.5,27.301541666666665
2026-08-02T23:00:00.000Z,MCT2408040,15.528056,74.020833,18.9375,100,523.6875,88.9802375,8.143125,4.98375,3.07,8.42,3.7299999999999986,3.5,27.340864375000002
2026-08-02T23:10:00.000Z,MCT2408040,15.528056,74.020833,18.9375,100,538.625,89.06845687499998,8.19375,5.005,3.07,8.42,3.7299999999999986,3.5,27.227579374999998
2026-08-02T23:20:00.000Z,MCT2408040,15.528056,74.020833,18.9375,100,545.3125,89.09420249999997,8.193750000000001,5.020625000000001,3.07,8.42,3.7299999999999986,3.5,27.1752925
2026-08-02T23:30:00.000Z,MCT2408040,15.528056,74.020833,19.0625,100,544.5,89.08895874999999,8.104375000000001,5.0268749999999995,3.07,8.42,3.7299999999999986,3.5,27.164567499999997
2026-08-02T23:40:00.000Z,MCT2408040,15.528056,74.020833,19.125,100,540.125,89.18670812500001,8.361250000000002,4.991875,3.07,8.42,3.7299999999999986,3.5,27.094186875
2026-08-02T23:45:44.252Z,MCT2408040,15.528056,74.020833,19,100,537.5,89.23086300000001,8.124,4.94,3.07,8.42,3.7299999999999995,3.5,27.055576000000002
2026-08-02T22:50:00.000Z,MCT2408044,15.313669,74.140042,26,214.29,523.8333333333334,93.95905499999999,11.058333333333332,3.32,2.8700000000000006,7.5,4.32,3.9735041666666664,26.545418333333334
2026-08-02T23:00:00.000Z,MCT2408044,15.313669,74.140042,26,214.29,533,93.7319225,11.1075,3.618125,2.8699999999999997,7.5625,4.387499999999999,4.0678684375,26.59211625
2026-08-02T23:10:00.000Z,MCT2408044,15.313669,74.140042,26.066666666666666,214.29,527.4666666666667,93.88962733333332,11.23333333333333,3.4979999999999993,2.8699999999999997,7.6,4.428,3.9953844666666662,26.579022
2026-08-02T23:20:00.000Z,MCT2408044,15.313669,74.140042,25.933333333333334,214.29,538.3333333333334,93.55088333333332,11.012666666666666,3.504,2.8699999999999997,7.6,4.428666666666667,4.2878632,26.727032
2026-08-02T23:30:00.000Z,MCT2408044,15.313669,74.140042,26,214.29,511.25,93.06768749999999,11.061250000000001,3.393125,2.8699999999999997,7.59375,4.421250000000001,4.338621500000001,26.6464125
2026-08-02T23:40:00.000Z,MCT2408044,15.313669,74.140042,26,214.29,517.3333333333334,93.61293599999999,11.130666666666666,3.3793333333333333,2.8699999999999997,7.933333333333334,4.791333333333332,4.290683666666667,26.554712666666667
2026-08-02T23:45:44.252Z,MCT2408044,15.313669,74.140042,26,214.29,508.55555555555554,93.47119888888888,11.024444444444445,3.32,3.191111111111111,9.5,5.950000000000001,4.442165111111112,26.583550000000002
2026-08-02T22:50:00.000Z,MCT2408049,15.475278,74.055833,56.42857142857143,150,570.7142857142857,88.81484714285713,23.961428571428574,10.754285714285714,3.829999999999999,11.271428571428572,5.920000000000001,2.61,27.113335714285718
2026-08-02T23:00:00.000Z,MCT2408049,15.475278,74.055833,56.625,150,581.6875,88.84767625000003,24.132499999999997,9.753125,3.8299999999999987,10.913125,5.5625,2.61,27.12569
2026-08-02T23:10:00.000Z,MCT2408049,15.475278,74.055833,56.5625,150.170975,593.625,88.77758500000002,24.105625,9.586875,3.8299999999999987,10.770625000000003,5.418125000000001,2.61,27.194731875
2026-08-02T23:20:00.000Z,MCT2408049,15.475278,74.055833,56.5625,150.28129375,585.0625,88.72894625,24.064999999999998,11.103124999999999,4.215,12.925625,6.858125000000001,2.61,27.249701250000008
2026-08-02T23:30:00.000Z,MCT2408049,15.475278,74.055833,57.0625,150,548,89.01218812500001,24.479375,11.835,4.88875,15.703125,8.536875,2.61,27.256403749999993
2026-08-02T23:40:00.000Z,MCT2408049,15.475278,74.055833,56.5625,150,559.4375,89.1132775,24.175625000000004,10.340625,4.551875,14.840624999999998,8.05625,2.61,27.293942500000004
2026-08-02T23:45:44.253Z,MCT2408049,15.475278,74.055833,56.77777777777778,150,570.3333333333334,88.97833222222222,24.253333333333334,10.961111111111112,4.685555555555556,14.213333333333331,7.247777777777778,2.61,27.353376666666673
2026-08-02T22:50:00.000Z,MCT2408046,15.529167,74.07,30.818181818181817,237.04,760.0909090909091,92.31029727272727,13.255711818181817,25.461229999999997,5,12.090909090909092,5.143540727272727,3.9872727272727277,26.72709545454546
2026-08-02T23:00:00.000Z,MCT2408046,15.529167,74.07,30.96,237.04,746.72,92.88732840000003,13.382133999999997,24.811177199999996,5.925,15.8,7.3894737600000004,3.8368,26.56071919999999
2026-08-02T23:10:00.000Z,MCT2408046,15.529167,74.07,31.04,237.04,742.76,92.84552079999997,13.379419999999998,23.6323548,5.925,16.68,8.378947560000002,3.8512,26.63407800000001
2026-08-02T23:20:00.000Z,MCT2408046,15.529167,74.07,30.88,237.04,747.16,92.53637520000001,13.3646472,23.6223544,5.425,15.56,7.747368520000002,3.608800000000001,26.73918679999999
2026-08-02T23:30:00.000Z,MCT2408046,15.529167,74.07,31.08,237.04,740.32,92.52050720000001,13.3898988,23.837648399999992,5.025,14.64,7.199999960000001,3.7472000000000003,26.761923600000003
2026-08-02T23:40:00.000Z,MCT2408046,15.529167,74.07,30.88,237.04,744.56,92.42346079999999,13.263383999999999,24.623530799999997,5.025,13.52,6.505263320000001,3.8212000000000006,26.777798000000004
2026-08-02T23:45:44.257Z,MCT2408046,15.529167,74.07,31.2,237.04,754.6666666666666,92.42122466666665,13.524199999999999,22.154903999999995,5,12.733333333333333,5.824561733333332,3.7946666666666657,26.794957333333336
2026-08-02T22:50:00.000Z,MCT2408037,15.394444,74.118333,25.142857142857142,160,492.2857142857143,86.6579057142857,10.377142857142855,213.05714285714288,4.778571428571428,18.107142857142858,9.632857142857144,3.6785714285714284,26.868195714285715
2026-08-02T23:00:00.000Z,MCT2408037,15.394444,74.118333,25.4375,160,492.6875,86.64612375000003,10.748125,214.87187500000005,5.156875,18.8075,9.88125,3.7068749999999997,26.828071250000008
2026-08-02T23:10:00.000Z,MCT2408037,15.394444,74.118333,25.0625,160,496.375,86.82445999999999,10.450625,215.033125,4.275,16.4575,8.805625,3.8606249999999998,26.701379375000002
2026-08-02T23:20:00.000Z,MCT2408037,15.394444,74.118333,25.3125,160,487.25,86.82350749999998,10.538750000000002,214.95625000000004,4.599375,16.35375,8.290624999999999,3.7243749999999993,26.7442825
2026-08-02T23:30:00.000Z,MCT2408037,15.394444,74.118333,25.1875,160,499.4375,86.83017999999998,10.531875,215.995625,4.830000000000001,18.195,9.600625,3.6831250000000004,26.789865000000013
2026-08-02T23:40:00.000Z,MCT2408037,15.394444,74.118333,25.375,160,491.4375,86.79727937499999,10.681249999999999,207.9725,4.877500000000001,17.68375,9.08625,3.820625,26.813994374999996
2026-08-02T23:45:44.442Z,MCT2408037,15.394444,74.118333,25.22222222222222,160,492.55555555555554,86.73274666666667,10.69111111111111,198.03555555555556,6.1944444444444455,22.625555555555554,11.82333333333333,3.637777777777778,26.81593111111111
2026-08-02T22:50:00.000Z,MCT2408042,15.213889,74.071667,60,276.3728571428572,445.2857142857143,90.30911714285716,25.064285714285713,16.085714285714285,6.37,22.8,13.668571428571429,4.177142857142857,27.672574285714283
2026-08-02T23:00:00.000Z,MCT2408042,15.213889,74.071667,59.6875,277.784375,443.4375,90.30918437500002,24.630000000000006,16.25875,7.4506250000000005,25.080624999999998,14.523124999999999,4.17375,27.77254875
2026-08-02T23:10:00.000Z,MCT2408042,15.213889,74.071667,60,282.0725,451,89.871925,25.150000000000002,15.567499999999999,5.858124999999999,21.20375,12.69875,4.185625,27.90125125000001
2026-08-02T23:20:00.000Z,MCT2408042,15.213889,74.071667,60.0625,270.7875,449.5625,89.58439250000002,25.230000000000004,15.745000000000003,6.142499999999999,21.488750000000003,12.584375000000001,4.1831249999999995,27.889855625
2026-08-02T23:30:00.000Z,MCT2408042,15.213889,74.071667,59.6875,271.019375,443.875,89.84808250000002,24.749999999999996,15.771250000000002,7.4506250000000005,25.19375,14.636250000000002,4.137499999999999,27.962919999999997
2026-08-02T23:40:00.000Z,MCT2408042,15.213889,74.071667,59.9375,251.440625,451.75,89.85046500000001,24.950000000000003,15.492499999999998,7.791874999999999,25.53625,14.46625,4.07625,28.02727
2026-08-02T23:45:44.451Z,MCT2408042,15.213889,74.071667,60,252.48000000000002,462.77777777777777,89.81756555555556,25.28777777777778,15.406666666666666,9.403333333333332,29.59,15.995555555555553,4.204444444444444,27.994498888888884
2026-08-02T22:50:00.000Z,MCT2408033,15.346944,74.007778,20,114.64922857142857,549,90.53036857142857,8.252857142857142,50.08390857142857,5.541428571428571,14.797142857142857,9.328571428571427,4.39,27.648059999999997
2026-08-02T23:00:00.000Z,MCT2408033,15.346944,74.007778,20.4375,120.82454375,522.75,89.83473125000002,8.580625,47.824738749999995,5.452500000000001,14.645625,9.264375,4.39,27.641836249999997
2026-08-02T23:10:00.000Z,MCT2408033,15.346944,74.007778,20.375,121.60341874999999,511.0625,89.68023562500001,8.488125,51.17658437499998,4.659375,12.531875,8.090000000000002,4.39,27.4146
2026-08-02T23:20:00.000Z,MCT2408033,15.346944,74.007778,20.3125,117.81520625,515.75,89.83139437500002,8.35875,50.768075625,4.695625000000001,13.075000000000003,8.493125000000001,4.39,27.325448749999996
2026-08-02T23:30:00.000Z,MCT2408033,15.346944,74.007778,20.8125,120.20781249999999,523.0625,89.93725062499999,8.709375,55.35391812499999,4.62125,12.6275,8.163749999999999,4.39,27.259755625
2026-08-02T23:40:00.000Z,MCT2408033,15.346944,74.007778,22.375,116.28198125,517.5,90.21143374999997,10.050624999999998,51.164345625,4.506875000000001,12.499375,8.126249999999999,4.39,27.172611250000003
2026-08-02T23:45:44.455Z,MCT2408033,15.346944,74.007778,21.555555555555557,117.34513333333335,509.1111111111111,90.26769999999999,9.406666666666666,49.989961111111114,5.453333333333334,14.927777777777777,9.673333333333334,4.39,27.18534777777778
2026-08-02T22:50:00.000Z,MCT2408041,15.224628,74.171389,32.714285714285715,444.8482714285715,479.42857142857144,91.73145428571429,13.765714285714285,9.700000000000001,8.090000000000002,20.25,8.9,8.137142857142857,26.727237142857145
2026-08-02T23:00:00.000Z,MCT2408041,15.224628,74.171389,32.6875,446.68365625,483.75,91.67484624999997,13.728125,9.7,8.090000000000002,20.300625,8.950625000000002,7.935624999999999,26.738919375
2026-08-02T23:10:00.000Z,MCT2408041,15.224628,74.171389,32.75,447.85335000000003,485.875,91.75781562499999,13.748124999999998,9.7,8.090000000000002,20.25,8.900000000000002,7.987499999999999,26.724170625000006
2026-08-02T23:20:00.000Z,MCT2408041,15.224628,74.171389,32.75,443.85675,487.6875,91.911358125,13.712499999999999,9.7,8.090000000000002,20.401875,9.051250000000003,8.088125,26.673896250000002
2026-08-02T23:30:00.000Z,MCT2408041,15.224628,74.171389,32.75,449.4132375,484.25,92.06728250000002,13.725624999999999,9.7,8.090000000000002,20.4525,9.102500000000003,8.065625,26.608874375000006
2026-08-02T23:40:00.000Z,MCT2408041,15.224628,74.171389,32.875,446.5825625,485.875,92.0100625,13.78,9.7,8.090000000000002,20.300625,8.950625000000002,7.9375,26.686629374999995
2026-08-02T23:45:44.454Z,MCT2408041,15.224628,74.171389,32.77777777777778,446.1946555555556,492.8888888888889,92.03856777777777,13.746666666666666,9.700000000000001,8.090000000000002,20.25,8.9,7.932222222222224,26.708678888888887
2026-08-02T22:50:00.000Z,MCT2408024,15.148056,74.131667,40.54545454545455,220.08301818181823,584.6363636363636,81.57990090909092,17.586176363636362,5.789059909090909,5.2727272727272725,18.444545454545455,10.899090909090908,2.522727272727273,28.64688818181818
2026-08-02T23:00:00.000Z,MCT2408024,15.148056,74.131667,40.541666666666664,219.62360833333332,588.4166666666666,81.54889,17.580814583333332,5.526696,5.499583333333334,18.90666666666667,10.948333333333336,2.5154166666666664,28.681499166666672
2026-08-02T23:10:00.000Z,MCT2408024,15.148056,74.131667,40.48,220.495548,551.16,81.45269719999999,17.5016696,5.526695999999999,5.4792000000000005,18.710000000000004,10.830000000000002,2.5260000000000002,28.702736800000004
2026-08-02T23:20:00.000Z,MCT2408024,15.148056,74.131667,40.64,220.28836800000008,573.68,81.69744920000002,17.642324000000006,5.526695999999999,5.2,17.510000000000005,10.110000000000003,2.5252000000000003,28.6096416
2026-08-02T23:30:00.000Z,MCT2408024,15.148056,74.131667,40.6,219.562532,596.48,81.58819480000002,17.6196796,5.50562816,5.638800000000001,19.310000000000006,11.150000000000002,2.5192,28.698445200000002
2026-08-02T23:40:00.000Z,MCT2408024,15.148056,74.131667,40.458333333333336,220.07650833333332,595.75,81.50216125000003,17.51749166666667,5.526696,5.997083333333333,21.240000000000006,12.531666666666672,2.517916666666667,28.783387500000003
2026-08-02T23:45:44.456Z,MCT2408024,15.148056,74.131667,40.53333333333333,218.99757333333338,527.9333333333333,81.42828333333333,17.450481333333336,5.526696,6.262666666666665,22.856666666666673,13.723333333333334,2.5306666666666673,28.831293333333335
2026-08-02T22:50:00.000Z,MCT2408045,15.619444,73.878889,28,178.12000000000003,674.1428571428571,88.03337999999998,11.817142857142857,17.81714285714286,3.3785714285714286,11.898571428571428,6.302857142857143,2.53,27.364612857142863
2026-08-02T23:00:00.000Z,MCT2408045,15.619444,73.878889,27.9375,178.11999999999995,672.25,88.06662000000001,11.776874999999999,17.550625000000004,3.616875000000001,12.4075,6.50375,2.5300000000000002,27.346898749999998
2026-08-02T23:10:00.000Z,MCT2408045,15.619444,73.878889,28,178.11999999999995,671.6875,88.07376937500003,11.7675,17.825625000000002,3.3956250000000012,11.873124999999998,6.255625,2.5300000000000002,27.335503124999992
2026-08-02T23:20:00.000Z,MCT2408045,15.619444,73.878889,27.9375,178.11999999999995,672.75,88.05041062499997,11.7025,17.93625,3.3643750000000012,11.801875,6.220625000000001,2.5300000000000002,27.313381875000008
2026-08-02T23:30:00.000Z,MCT2408045,15.619444,73.878889,28,178.11999999999995,671.1875,88.07854312499998,11.89,17.721249999999998,3.4262500000000014,11.801875000000003,6.149375000000001,2.5300000000000002,27.312710625000005
2026-08-02T23:40:00.000Z,MCT2408045,15.619444,73.878889,27.8125,178.11999999999995,676.125,88.12813125000001,11.6475,17.71625,3.2393750000000012,11.445625000000001,6.006875,2.5300000000000002,27.385775624999997
2026-08-02T23:45:44.643Z,MCT2408045,15.619444,73.878889,27.666666666666668,178.12,666.2222222222222,87.92463000000001,11.401111111111112,17.40222222222222,3.2977777777777777,11.663333333333334,6.156666666666666,2.53,27.442749999999997
2026-08-02T22:50:00.000Z,MCT2408022,15.475833,74.038889,42.57142857142857,150,439.85714285714283,90.91729,4.528571428571429,11.133391428571429,18,56.714285714285715,30.857142857142858,4.321534,26.952462857142855
2026-08-02T23:00:00.000Z,MCT2408022,15.475833,74.038889,40.1875,150,443.8125,90.78697625000001,4.0268749999999995,11.379894375000001,16.25,51.75,28.5,4.273248687500001,27.01374875
2026-08-02T23:10:00.000Z,MCT2408022,15.475833,74.038889,42.375,150,451.0625,90.55094062500002,4.25375,11.312626250000001,17.6875,56.125,30.9375,4.2418328125,27.144457500000005
2026-08-02T23:20:00.000Z,MCT2408022,15.475833,74.038889,35.375,150,456,90.42219625000001,4.394374999999999,11.168173125000001,13,42.3125,23.5625,4.2501845,27.193393124999993
2026-08-02T23:30:00.000Z,MCT2408022,15.475833,74.038889,28.5625,150,447.5625,90.42076625000001,4.394375,11.088856250000003,8.5625,28.5,16.375,4.21892525,27.158534999999997
2026-08-02T23:40:00.000Z,MCT2408022,15.475833,74.038889,29.125,150,448.5625,90.313000625,4.374999999999999,11.106489375,9.0625,29.75,16.875,4.2615229375000006,27.181325625
2026-08-02T23:45:44.643Z,MCT2408022,15.475833,74.038889,28.666666666666668,150,449.55555555555554,90.27617777777778,4.166666666666666,11.122602222222222,8.555555555555555,28.88888888888889,16.77777777777778,4.260029777777778,27.17104777777778
2026-08-02T22:50:00.000Z,MCT2408032,15.525556,73.828611,35.18181818181818,221.29181818181817,704.6363636363636,84.79048818181819,14.883636363636366,42.99545454545454,7.120000000000001,17.844545454545454,7.85,3.1463636363636365,28.832139999999995
2026-08-02T23:00:00.000Z,MCT2408032,15.525556,73.828611,35.52,220.88,724.72,85.11358599999998,15.154800000000005,43.09800000000001,7.120000000000002,17.4108,7.418800000000004,3.1048,28.804837600000006
2026-08-02T23:10:00.000Z,MCT2408032,15.525556,73.828611,35.36,220.72520000000003,728.08,85.05102559999997,15.018400000000003,43.03559999999999,7.120000000000002,17.240399999999994,7.249600000000003,3.0976000000000012,28.784675199999985
2026-08-02T23:20:00.000Z,MCT2408032,15.525556,73.828611,35.12,222.65079999999998,718.2,85.20025559999998,14.910800000000004,43.116400000000006,7.120000000000002,17.410799999999995,7.419600000000003,3.1219999999999994,28.68814760000001
2026-08-02T23:30:00.000Z,MCT2408032,15.525556,73.828611,35.72,222.9544,691.68,85.00860639999998,15.282400000000004,42.843199999999996,7.120000000000002,18.319999999999997,8.324800000000005,3.0788000000000006,28.762795999999998
2026-08-02T23:40:00.000Z,MCT2408032,15.525556,73.828611,35,223.29440000000002,714.28,84.76965399999999,14.686399999999999,42.90600000000001,7.120000000000002,17.638399999999994,7.645600000000003,3.0060000000000002,28.79797480000001
2026-08-02T23:45:44.655Z,MCT2408032,15.525556,73.828611,35.92857142857143,221.28928571428568,714.0714285714286,84.78271000000002,15.566428571428572,43.37428571428571,7.120000000000002,18.084285714285716,8.089999999999998,3.0835714285714286,28.834714999999992
2026-08-02T22:50:00.000Z,MCT2408036,15.171567,74.067106,35.714285714285715,120,429.7142857142857,90.23500285714286,10.632857142857144,7.985714285714286,4.285714285714286,14.474285714285713,8.612857142857143,10.874285714285714,27.717005714285715
2026-08-02T23:00:00.000Z,MCT2408036,15.171567,74.067106,36.375,120,424.6875,90.321105625,10.295000000000002,7.9331249999999995,4.4418750000000005,14.879375,8.802499999999998,11.2225,27.757130625
2026-08-02T23:10:00.000Z,MCT2408036,15.171567,74.067106,36.375,120,419.4375,90.85754749999998,10.425624999999997,7.841874999999999,4.110625000000001,14.310624999999998,8.772499999999999,11.254375,27.675350625
2026-08-02T23:20:00.000Z,MCT2408036,15.171567,74.067106,36.06666666666667,120,417.93333333333334,90.56117666666667,10.632666666666665,7.914666666666665,3.927333333333334,13.879333333333332,8.581333333333333,10.987333333333336,27.801685999999993
2026-08-02T23:30:00.000Z,MCT2408036,15.171567,74.067106,36.5,120,407.9375,90.37308250000002,10.649375000000001,7.988749999999999,3.9450000000000003,13.646875,8.328125,11.343124999999999,27.85902
2026-08-02T23:40:00.000Z,MCT2408036,15.171567,74.067106,36.25,120,414,90.23765999999999,10.964375,7.874375,4.0443750000000005,14.056874999999998,8.645624999999999,11.165000000000001,27.873768749999996
2026-08-02T23:45:44.657Z,MCT2408036,15.171567,74.067106,36.44444444444444,120,417.77777777777777,90.63560555555553,10.512222222222222,7.625555555555555,4.151111111111111,14.126666666666669,8.557777777777778,11.343333333333332,27.719222222222225
2026-08-02T22:50:00.000Z,MCT2408031,15.290833,74.149167,17.666666666666668,165.49336666666667,562.8333333333334,87.92548,6.974943500000001,6.635859166666667,6.109999999999999,16.30333333333333,9.048333333333332,5,26.70808333333333
2026-08-02T23:00:00.000Z,MCT2408031,15.290833,74.149167,17.6875,170.56640000000002,560.625,87.80054562500003,7.0629221875,6.0733351875,5.801249999999999,15.3,8.453124999999998,4.961874999999999,26.760369374999996
2026-08-02T23:10:00.000Z,MCT2408031,15.290833,74.149167,31.5625,232.6603375,567.1875,87.89114500000001,7.206107375000001,6.64006875,16.6675,44.86374999999999,25.2675,4.963124999999999,26.711436875
2026-08-02T23:20:00.000Z,MCT2408031,15.290833,74.149167,19.875,144.42335624999998,558.6875,87.92357187499998,6.873679999999999,7.386875937499999,8.155624999999999,21.685,12.053125000000001,4.975625000000001,26.689312499999996
2026-08-02T23:30:00.000Z,MCT2408031,15.290833,74.149167,18.0625,164.58617500000003,555.25,87.95217500000001,7.234744249999999,6.072366499999999,6.071249999999998,16.306250000000002,9.047499999999996,4.9262500000000005,26.699366875
2026-08-02T23:40:00.000Z,MCT2408031,15.290833,74.149167,17.875,172.43256875,565.6875,87.9335825,7.1774703749999995,6.296534062499999,5.682499999999999,15.2175,8.513124999999999,4.8975,26.711436250000002
2026-08-02T23:45:44.657Z,MCT2408031,15.290833,74.149167,18.2,174.16853999999998,559.4,87.91631999999998,7.4328547,6.4303101,5.284000000000001,13.955999999999998,7.763,5.305,26.719882000000005
2026-08-02T22:50:00.000Z,MCT2408039,15.163611,74.110833,29,378.2214285714286,457.14285714285717,86.27861857142855,9.857142857142858,10.299999999999999,9.019999999999998,28.94,11.760000000000002,2.3000000000000003,27.52548714285714
2026-08-02T23:00:00.000Z,MCT2408039,15.163611,74.110833,29,375.45124999999996,447.25,86.34476187499999,9.858125,10.3,9.019999999999998,28.94,11.759999999999998,2.3,27.519168125000004
2026-08-02T23:10:00.000Z,MCT2408039,15.163611,74.110833,29,377.80062499999997,450.625,86.3490525,9.512499999999998,10.3,9.019999999999998,28.94,11.759999999999998,2.3,27.552011875
2026-08-02T23:20:00.000Z,MCT2408039,15.163611,74.110833,29,377.83687499999996,450.9375,86.44346562499999,10.818125000000002,10.3,9.019999999999998,28.94,11.759999999999998,2.3,27.612342499999997
2026-08-02T23:30:00.000Z,MCT2408039,15.163611,74.110833,29,367.01500000000004,450.375,86.51976062499999,9.997499999999999,10.3,9.019999999999998,28.94,11.759999999999998,2.3,27.678031250000004
2026-08-02T23:40:00.000Z,MCT2408039,15.163611,74.110833,29,377.69,451.9375,86.48638125000002,8.45,10.3,9.019999999999998,28.94,11.759999999999998,2.3,27.735679375
2026-08-02T23:45:44.842Z,MCT2408039,15.163611,74.110833,29,371.5955555555555,455.1111111111111,86.47758555555555,9.634444444444446,10.299999999999999,9.019999999999998,28.940000000000005,11.760000000000002,2.3000000000000003,27.76211888888889
2026-08-02T22:50:00.000Z,MCT2408035,15.236111,74.125,48.714285714285715,190,628,91.25842999999999,19.504675714285717,64.33324999999999,3.8000000000000003,10.19,4.910000000000001,3.829999999999999,27.119467142857143
2026-08-02T23:00:00.000Z,MCT2408035,15.236111,74.125,49.6875,190,622.3125,91.27096499999999,20.217749374999997,67.71850187499997,3.799999999999999,10.19,4.909999999999998,3.8299999999999987,27.118317499999993
2026-08-02T23:10:00.000Z,MCT2408035,15.236111,74.125,49.375,190,606.1875,91.192765,19.868976875,64.78066874999999,3.799999999999999,10.21375,4.933124999999999,3.8299999999999987,27.14579874999999
2026-08-02T23:20:00.000Z,MCT2408035,15.236111,74.125,49.5625,190,602.5625,91.25475125,20.141019375,62.651118749999995,3.799999999999999,10.21375,4.933124999999999,3.8299999999999987,27.148480625000005
2026-08-02T23:30:00.000Z,MCT2408035,15.236111,74.125,50.3125,190,608.75,91.29528562499999,20.887973750000004,64.4798125,3.799999999999999,10.21375,4.933124999999999,3.8299999999999987,27.204116874999993
2026-08-02T23:40:00.000Z,MCT2408035,15.236111,74.125,49.375,190,601.625,91.29146874999999,20.004998124999997,65.68322999999998,3.799999999999999,10.21375,4.933124999999999,3.8299999999999987,27.279866250000005
2026-08-02T23:45:44.842Z,MCT2408035,15.236111,74.125,49.666666666666664,190,598.1111111111111,91.18492333333332,20.20502555555555,65.4959111111111,3.8000000000000003,10.232222222222221,4.9511111111111115,3.829999999999999,27.32835222222222
2026-08-02T22:50:00.000Z,MCT2408038,15.188889,74.055556,33.714285714285715,284.93142857142857,536.8571428571429,90.30148857142856,13.551428571428572,13.33,6.018571428571428,17.182857142857145,8.489999999999998,4.847142857142857,27.30639142857143
2026-08-02T23:00:00.000Z,MCT2408038,15.188889,74.055556,53,279.584375,531.125,90.36354375000002,14.036875000000002,13.330000000000005,25.899374999999996,75.856875,38.440625,4.810625,27.32746
2026-08-02T23:10:00.000Z,MCT2408038,15.188889,74.055556,35.0625,278.243125,576.75,90.81749312499998,14.188749999999999,13.330000000000005,13.125625000000001,38.084999999999994,19.187499999999996,4.7856250000000005,27.327458124999996
2026-08-02T23:20:00.000Z,MCT2408038,15.188889,74.055556,34.5,362.58937499999996,632.125,90.92668937500001,14.410625000000001,13.330000000000005,7.232500000000002,21.063124999999996,10.796875000000002,4.841875,27.363654375
2026-08-02T23:30:00.000Z,MCT2408038,15.188889,74.055556,34.1875,370.798125,652.8125,91.10979562500002,14.240625000000001,13.330000000000005,6.371250000000001,18.887500000000003,9.625,4.82125,27.402533124999994
2026-08-02T23:40:00.000Z,MCT2408038,15.188889,74.055556,34.1875,237.67124999999996,652.25,91.279549375,14.155000000000001,13.330000000000005,10.7625,31.250624999999996,15.809375,4.831874999999999,27.482971874999997
2026-08-02T23:45:44.851Z,MCT2408038,15.188889,74.055556,34.333333333333336,233.32999999999998,653.3333333333334,91.36802555555556,14.25777777777778,13.33,12.114444444444446,34.68222222222222,17.148888888888887,4.734444444444445,27.53927666666667
2026-08-03T00:20:00.000Z,MCT2408057,15.272222,74.104722,28,333.09,486,87.17398,12.100000000000001,9.03,7.15,20.64,10.795,2.3949999999999996,28.118434999999998
2026-08-03T00:30:00.000Z,MCT2408057,15.272222,74.104722,28.24,330.8740000000001,490.36,87.127746,12.065199999999999,9.0784,8.5108,24.788400000000003,12.862,2.2032,28.153181599999996
2026-08-03T00:40:00.000Z,MCT2408057,15.272222,74.104722,28.48,327.21,495.88,87.02612199999996,12.1612,9.140400000000001,7.629200000000001,22.504000000000005,11.8892,2.2128000000000005,28.207665200000005
2026-08-03T00:50:00.000Z,MCT2408057,15.272222,74.104722,28.4,310.6108,500.4,86.7200324,12.1148,9.078000000000001,7.748000000000001,23.0924,12.2644,2.1579999999999995,28.31363080000001
2026-08-03T01:00:00.000Z,MCT2408057,15.272222,74.104722,31.04,272.77000000000004,500.32,86.71331839999999,12.104000000000001,9.0652,15.088000000000001,42.768,21.7848,2.0651999999999995,28.32135320000002
2026-08-03T01:10:00.000Z,MCT2408057,15.272222,74.104722,28.2,288.4376,500.92,86.992248,11.9636,9.241600000000002,10.1076,29.7408,15.563999999999995,2.4248000000000003,28.315775600000002
2026-08-03T01:19:12.946Z,MCT2408057,15.272222,74.104722,28.347826086956523,315.17565217391297,501,87.05638869565219,12.081739130434782,9.143043478260871,8.966521739130433,26.230000000000004,13.59565217391304,2.142173913043478,28.33060565217392
2026-08-03T00:20:00.000Z,MCT2408020,15.543475,74.039433,22,180,691,90.16852,9.305036,20.729565,5.57,18.175,9.754999999999999,3.66,27.4213
2026-08-03T00:30:00.000Z,MCT2408020,15.543475,74.039433,21.9375,180,694.375,90.16661249999997,9.50920775,20.499494374999998,5.914999999999999,18.814375,10.045625,3.6599999999999984,27.430686249999997
2026-08-03T00:40:00.000Z,MCT2408020,15.543475,74.039433,22.0625,180,698.3125,90.064568125,9.302825375,20.296014999999997,6.609374999999999,20.21125,10.568750000000001,3.6599999999999984,27.511123750000003
2026-08-03T00:50:00.000Z,MCT2408020,15.543475,74.039433,22,180,692.25,89.96395500000003,9.500364500000002,20.276409375,6.838749999999998,20.734375,10.975625000000003,3.6599999999999984,27.5399475
2026-08-03T01:00:00.000Z,MCT2408020,15.543475,74.039433,22,180,684,90.10748562499998,9.559015187500002,20.231551874999997,6.378124999999999,19.746875,10.4525,3.6599999999999984,27.4957075
2026-08-03T01:10:00.000Z,MCT2408020,15.543475,74.039433,24.125,180,697.3125,90.22192312499999,9.38969575,20.370574375,8.755,26.154374999999995,13.649375000000001,3.6599999999999984,27.495038749999992
2026-08-03T01:19:12.946Z,MCT2408020,15.543475,74.039433,35.785714285714285,180,699.2142857142857,90.26933499999997,9.40937007142857,20.426907857142854,16.896428571428576,50.52642857142856,26.020000000000003,3.659999999999999,27.528553571428574
2026-08-03T00:20:00.000Z,MCT2408056,15.579167,73.920833,21.5,183.9673,733.5,92.24371500000001,10.175,72.43544,4.69,17.3,11.245000000000001,4.875,27.153175
2026-08-03T00:30:00.000Z,MCT2408056,15.579167,73.920833,27.4375,187.93330625000002,758.25,91.89514625,11.135625,64.39201375,6.1,21.29125,12.943750000000003,9.765625,27.275843749999996
2026-08-03T00:40:00.000Z,MCT2408056,15.579167,73.920833,23.4375,180,788.5625,91.42832312499998,6.9975000000000005,12.507335687500001,7.977499999999999,24.98875,14.351250000000002,1.5599999999999998,27.418622499999998
2026-08-03T00:50:00.000Z,MCT2408056,15.579167,73.920833,26,180,797.3125,91.13315874999998,6.907500000000001,12.959947125000001,9.791874999999997,30.169375000000002,17.10375,1.5599999999999998,27.504421250000004
2026-08-03T01:00:00.000Z,MCT2408056,15.579167,73.920833,23.8125,180,805.6875,91.18894750000003,6.881875,12.43251175,8.386875000000002,25.61375,14.705000000000002,1.5599999999999998,27.508443124999996
2026-08-03T01:10:00.000Z,MCT2408056,15.579167,73.920833,22.9375,180,771.125,91.36824124999998,6.876874999999999,12.1390845625,7.391875,23.907499999999995,14.293750000000001,1.5599999999999998,27.568770625000006
2026-08-03T01:19:12.949Z,MCT2408056,15.579167,73.920833,24.214285714285715,180,753.0714285714286,91.38595,6.868571428571427,11.227867071428573,8.245,26.54214285714286,15.800714285714289,1.56,27.67716928571429
2026-08-03T00:20:00.000Z,MCT2408028,15.186944,74.096667,41,590.395,476,94.24643,17.47,12.969999999999999,9.99,36.295,21.875,1.98,26.71345
2026-08-03T00:30:00.000Z,MCT2408028,15.186944,74.096667,41.52,585.7732,476.8,94.089416,17.278000000000006,13.206800000000001,12.308000000000003,42.39679999999999,24.814,1.7511999999999999,26.791954000000004
2026-08-03T00:40:00.000Z,MCT2408028,15.186944,74.096667,43.88,585.2016,487.96,94.029602,17.316800000000008,12.741999999999996,15.421600000000003,51.58600000000001,29.387200000000004,1.3940000000000001,26.827989600000002
2026-08-03T00:50:00.000Z,MCT2408028,15.186944,74.096667,41.12,577.3304,498.92,94.19805880000001,17.201200000000004,12.451600000000001,12.825600000000001,41.96119999999999,23.541200000000003,1.7076,26.789380400000006
2026-08-03T01:00:00.000Z,MCT2408028,15.186944,74.096667,48.52,580.0512,492.32,94.1455688,17.0448,12.4516,18.659200000000006,62.04519999999999,35.47079999999999,1.5028,26.820268799999997
2026-08-03T01:10:00.000Z,MCT2408028,15.186944,74.096667,47.8,582.0831999999999,486.04,94.35522519999999,17.28440000000001,12.5232,18.380000000000006,60.73400000000001,34.55479999999999,1.7316,26.8369996
2026-08-03T01:19:12.949Z,MCT2408028,15.186944,74.096667,45.09090909090909,576.8195454545456,490.40909090909093,94.53912090909093,17.251818181818184,12.442272727272728,17.11636363636364,55.2309090909091,30.908636363636376,1.7163636363636363,26.85872227272728
2026-08-03T00:20:00.000Z,MCT2408055,15.585833,73.885556,19,107.96,686,90.58051,8.46,27.69084,6.29,19.74,11.59,1.74,27.41058
2026-08-03T00:30:00.000Z,MCT2408055,15.585833,73.885556,19.125,108.68562500000002,689.3125,90.58288937500002,8.26125,29.741175624999997,5.550625,18.256874999999997,11.247500000000002,1.669375,27.430686875000003
2026-08-03T00:40:00.000Z,MCT2408055,15.585833,73.885556,19.5625,108.22,685.6875,90.48942687500002,8.359375000000002,28.010496874999994,6.246250000000002,19.81875,11.971875,1.7431250000000003,27.49235562499999
2026-08-03T00:50:00.000Z,MCT2408055,15.585833,73.885556,19.3125,109.19187500000001,689.5,90.48227437500002,8.401875,29.182968124999995,5.940000000000002,19.2,11.717500000000001,1.591875,27.488333124999997
2026-08-03T01:00:00.000Z,MCT2408055,15.585833,73.885556,19.3125,106.31875,691.0625,90.50993312500003,8.3825,28.030774375,5.810625000000001,18.790625000000002,11.460625,1.781875,27.491685625000002
2026-08-03T01:10:00.000Z,MCT2408055,15.585833,73.885556,19.125,104.39937499999999,706,90.47274,8.28625,30.299381249999996,5.853125,17.888125000000002,10.521875,1.6468749999999999,27.532574999999998
2026-08-03T01:19:12.965Z,MCT2408055,15.585833,73.885556,19.2,104.62799999999999,695.6,90.46758933333334,8.2,30.132316,6.196666666666668,19.079333333333334,11.180666666666667,1.5773333333333333,27.604342666666675
2026-08-03T00:20:00.000Z,MCT2408053,15.263333,74.110833,39,153.31645,636,93.21265,13.045,24.86,6.43,22.365000000000002,14.665,6.835,26.91722
2026-08-03T00:30:00.000Z,MCT2408053,15.263333,74.110833,37.6875,156.81939375,600.5625,93.284650625,12.076875,23.574375,6.600625,23.27375,15.369374999999998,6.86875,26.917221874999996
2026-08-03T00:40:00.000Z,MCT2408053,15.263333,74.110833,42.9375,189.41582500000004,586.0625,93.17974500000001,16.653125,25.859375000000004,5.1075,18.353125,12.197499999999998,7.140625,26.919233750000004
2026-08-03T00:50:00.000Z,MCT2408053,15.263333,74.110833,38.625,125.71790624999998,608.625,93.27416,12.974375,24.65625,8.150624999999998,27.832499999999996,17.978125000000002,6.746250000000001,26.970847499999994
2026-08-03T01:00:00.000Z,MCT2408053,15.263333,74.110833,38.375,138.598675,629.4375,93.27844875,12.788124999999999,25.024375000000003,6.200000000000001,21.69375,14.241874999999999,6.72125,26.994979375000003
2026-08-03T01:10:00.000Z,MCT2408053,15.263333,74.110833,36.4375,165.12456874999998,586,93.30706124999998,11.129374999999998,24.820625000000007,6.19875,21.997500000000002,14.522499999999999,7.1325,27.03385625
2026-08-03T01:19:13.154Z,MCT2408053,15.263333,74.110833,39.357142857142854,131.8927,644.3571428571429,93.38049285714285,13.522142857142857,24.08214285714286,7.281428571428571,24.65357142857143,16.032142857142855,6.8357142857142845,27.08575785714286
2026-08-03T00:20:00.000Z,MCT2408052,15.444425,74.063856,26,160,669,91.19849,4.132631,8.097047,7.69,22.41,11.05,2,27.17462
2026-08-03T00:30:00.000Z,MCT2408052,15.444425,74.063856,26.25,160,596.6875,91.2991,3.956842125,8.27558,8.155000000000001,23.360625,11.434999999999999,2,27.164566875
2026-08-03T00:40:00.000Z,MCT2408052,15.444425,74.063856,26.75,160,624.625,91.35155125000001,3.7540351875000004,8.003823875,8.383750000000001,24.137500000000003,11.802500000000004,2,27.184006875
2026-08-03T00:50:00.000Z,MCT2408052,15.444425,74.063856,29.375,160,617.3125,91.12028312499999,3.7277193750000004,8,10.348125000000001,29.568125000000002,14.282499999999999,2,27.244338125
2026-08-03T01:00:00.000Z,MCT2408052,15.444425,74.063856,31.5625,160,648.75,91.25236937500001,3.7049563125000007,8,12.10625,33.92187499999999,16.071875,2,27.207468749999997
2026-08-03T01:10:00.000Z,MCT2408052,15.444425,74.063856,28.8125,160,628.0625,91.33152500000001,3.7437720000000008,8,10.098125000000001,28.708124999999995,13.806875000000005,2,27.202776249999992
2026-08-03T01:19:13.157Z,MCT2408052,15.444425,74.063856,34.8,160,604.4666666666667,91.349548,3.6905730666666665,8,13.892,40.36933333333332,19.883333333333336,2,27.243981333333334
2026-08-03T00:20:00.000Z,MCT2408021,15.500556,74.053333,58,501.18,590,90.9162,20.34,13.92397,30,90,55.71,3.9,26.80997
2026-08-03T00:30:00.000Z,MCT2408021,15.500556,74.053333,59.8125,509.655625,592.3125,90.90809249999998,20.64,13.918265624999998,30.92375,93.20562499999998,57.7375,3.7643749999999994,26.827399374999995
2026-08-03T00:40:00.000Z,MCT2408021,15.500556,74.053333,57.8125,677.196875,591.375,90.89283499999999,20.703125,13.950816250000003,29.227500000000003,88.42437500000001,54.911249999999995,3.8075,26.850860625000003
2026-08-03T00:50:00.000Z,MCT2408021,15.500556,74.053333,55.25,1028.1018750000003,602.4375,90.899031875,20.686874999999997,13.890276875,27.410625000000003,80.78812499999998,49.166875000000005,3.77875,26.889740624999995
2026-08-03T01:00:00.000Z,MCT2408021,15.500556,74.053333,49.0625,730.4406250000001,598.75,90.95863374999998,20.733749999999997,13.94967625,18.86875,53.125625,31.13125,3.88125,26.9132025
2026-08-03T01:10:00.000Z,MCT2408021,15.500556,74.053333,49.8125,419.1375,604.75,91.01108812499999,20.825625000000002,13.921688750000001,18.213749999999997,51.875,30.625,3.8874999999999997,26.938671250000002
2026-08-03T01:19:13.160Z,MCT2408021,15.500556,74.053333,82.71428571428571,926.2342857142856,611.4285714285714,91.04644357142858,20.86071428571429,14.03657357142857,43.70642857142857,126.76928571428572,76.1907142857143,3.499285714285715,26.974677857142854
2026-08-03T00:20:00.000Z,MCT2408043,15.221111,74.087222,57,190.06,675,87.24646,24.3,31.69,13.93,50.21,29.46,5.29,27.64653
2026-08-03T00:30:00.000Z,MCT2408043,15.221111,74.087222,57,192.9,659.875,86.8459175,24.350000000000005,32.61375,11.873125,42.80937500000001,25.381874999999997,5.290000000000001,27.732330625
2026-08-03T00:40:00.000Z,MCT2408043,15.221111,74.087222,56.9375,202.18937499999996,642.8125,86.33093249999999,24.312500000000004,32.706875000000004,9.103749999999998,35.325,22.180000000000003,5.290000000000001,27.89723
2026-08-03T00:50:00.000Z,MCT2408043,15.221111,74.087222,57,199.88625000000002,636.5625,86.008590625,24.408125000000002,32.17625,9.736875,36.53125,22.5,5.290000000000001,28.05341375
2026-08-03T01:00:00.000Z,MCT2408043,15.221111,74.087222,57,207.39200000000002,627,85.13566133333333,24.314666666666668,32.1,9.625333333333332,36.39333333333334,22.633333333333336,5.290000000000001,28.377981999999996
2026-08-03T01:10:00.000Z,MCT2408043,15.221111,74.087222,57,209.56625000000003,633.9375,85.272355,24.36125,32.238125,10.0525,37.01625,22.66,5.290000000000001,28.320870625
2026-08-03T01:19:13.164Z,MCT2408043,15.221111,74.087222,57,181.698,627.8,85.85282466666666,24.514,32.912000000000006,13.086666666666666,46.17733333333334,27.073333333333334,5.290000000000001,28.117001333333334
2026-08-03T00:20:00.000Z,MCT2408051,15.486528,74.033889,51,301.01,550,98.84314,21.43,5.19,3.73,10.57,4.98,4.39,26.20937
2026-08-03T00:30:00.000Z,MCT2408051,15.486528,74.033889,52,302.7406250000001,552.125,98.78639374999999,22.060624999999998,5.1899999999999995,3.7299999999999986,10.569999999999997,4.980000000000002,4.39,26.190600625000005
2026-08-03T00:40:00.000Z,MCT2408051,15.486528,74.033889,51.875,299.44625,559.6875,98.84886374999998,21.9775,5.1899999999999995,3.7299999999999986,10.569999999999997,4.980000000000002,4.39,26.199313749999995
2026-08-03T00:50:00.000Z,MCT2408051,15.486528,74.033889,51.875,305.086875,543.8125,98.970456875,21.983749999999997,5.1899999999999995,3.7299999999999986,10.569999999999997,4.980000000000002,4.39,26.234839375
2026-08-03T01:00:00.000Z,MCT2408051,15.486528,74.033889,52.1875,305.27125,533.875,98.99620499999999,22.1775,5.1899999999999995,3.7687499999999985,10.996249999999998,5.368750000000002,4.39,26.299859999999995
2026-08-03T01:10:00.000Z,MCT2408051,15.486528,74.033889,52.0625,307.31875,521.9375,98.79164062500001,22.103749999999998,5.1899999999999995,3.7299999999999986,10.608749999999997,5.018750000000002,4.41,26.4238675
2026-08-03T01:19:13.165Z,MCT2408051,15.486528,74.033889,52.53333333333333,291.6140000000001,526.2,98.31823666666668,22.374666666666666,5.1899999999999995,3.771333333333332,10.941999999999998,5.3113333333333355,4.39,26.551136666666668
2026-08-03T00:20:00.000Z,MCT2408050,15.553611,73.958333,27,86.03,577,93.09821,11.05,3.91,5.94,18.89,10.21,2.42,27.14245
2026-08-03T00:30:00.000Z,MCT2408050,15.553611,73.958333,27.8125,86.02999999999999,565.9375,92.99473249999998,11.443750000000001,4.131875,6.258750000000001,21.04,12.01625,2.6393750000000002,27.187358124999996
2026-08-03T00:40:00.000Z,MCT2408050,15.553611,73.958333,27.75,86.02999999999999,550.25,92.80065812499998,11.444999999999999,4.211875000000001,6.5756250000000005,23.07875,13.556875,2.9037500000000005,27.275175625000003
2026-08-03T00:50:00.000Z,MCT2408050,15.553611,73.958333,27.5625,86.02999999999999,543.75,92.78253812499997,11.3625,4.159374999999999,6.892500000000001,23.454375000000006,13.450624999999999,2.705,27.329470625
2026-08-03T01:00:00.000Z,MCT2408050,15.553611,73.958333,27.8125,86.02999999999999,544.6875,92.68955624999998,11.563125,4.2406250000000005,7.000000000000002,24.313125,14.300625000000002,2.9662499999999996,27.383093750000004
2026-08-03T01:10:00.000Z,MCT2408050,15.553611,73.958333,27.6875,86.02999999999999,539.4375,92.83212937500001,11.388750000000002,4.223750000000001,6.894375000000002,23.56125,13.716250000000002,2.8600000000000003,27.4005225
2026-08-03T01:19:13.363Z,MCT2408050,15.553611,73.958333,27.857142857142858,86.02999999999999,555.5,92.88458142857144,11.536428571428573,4.119285714285715,6.787857142857143,22.45071428571428,12.699285714285713,2.8814285714285717,27.462670714285718
2026-08-03T00:20:00.000Z,MCT2408030,15.142519,74.075003,28,163,421,85.8045,8.31,6.2,9.37,28.28,16.09,3.59,27.41058
2026-08-03T00:30:00.000Z,MCT2408030,15.142519,74.075003,26.8125,163.55148749999998,430.0625,85.7649275,8.940625,6.200000000000002,9.370000000000001,26.517500000000002,14.259375,3.8975,27.425323124999995
2026-08-03T00:40:00.000Z,MCT2408030,15.142519,74.075003,26.875,164.9326625,434.125,85.75300750000002,8.8,6.200000000000002,9.370000000000001,26.63125,14.376874999999998,3.8849999999999993,27.46018
2026-08-03T00:50:00.000Z,MCT2408030,15.142519,74.075003,26.4,164.39981333333336,436,85.77246399999999,8.79,6.200000000000002,9.370000000000001,25.732000000000003,13.442666666666666,4.1226666666666665,27.464915333333337
2026-08-03T01:00:00.000Z,MCT2408030,15.142519,74.075003,26.5,164.24564375,433.6875,85.80212187500001,8.975,6.200000000000002,9.370000000000001,26.061875000000004,13.785625000000001,4.135625,27.462192500000004
2026-08-03T01:10:00.000Z,MCT2408030,15.142519,74.075003,26.6,164.50018666666668,435.6666666666667,85.84621133333336,8.813333333333334,6.200000000000002,9.370000000000001,26.036666666666658,13.76,4.08,27.458483333333334
2026-08-03T01:19:13.370Z,MCT2408030,15.142519,74.075003,26.666666666666668,163.7022266666667,433.2,85.89097333333332,8.894666666666668,6.200000000000002,9.370000000000001,26.218,13.948000000000002,4.026666666666667,27.49065866666666
2026-08-03T00:20:00.000Z,MCT2408023,15.499722,74.020833,41,211.65,523,90.99249,8.41,19.8,11.41,37.99,24.65,5.47,27.0781
2026-08-03T00:30:00.000Z,MCT2408023,15.499722,74.020833,42.8125,190.9825,526.4375,91.04685375000001,8.90625,18.351875000000003,12.43625,41.713750000000005,27.278124999999996,5.59,27.078099375000004
2026-08-03T00:40:00.000Z,MCT2408023,15.499722,74.020833,39.5625,205.08437500000002,520.0625,91.13840624999999,8.44125,18.805625000000003,10.138749999999998,34.351875,22.928125,5.4018749999999995,27.120327500000002
2026-08-03T00:50:00.000Z,MCT2408023,15.499722,74.020833,39.6875,214.313125,519.625,91.16033999999998,8.586875,19.11625,9.583750000000002,33.246249999999996,22.565624999999997,5.4125,27.177304375000002
2026-08-03T01:00:00.000Z,MCT2408023,15.499722,74.020833,39,229.54625,504.9375,91.11265625000001,9.374374999999999,19.008749999999996,8.47375,31.188749999999995,21.749999999999996,5.331875,27.22959062500001
2026-08-03T01:10:00.000Z,MCT2408023,15.499722,74.020833,39.8125,221.22187499999998,504.8125,90.90761562499998,9.074375,19.851875000000003,9.187499999999998,32.9275,22.8375,5.554375,27.31740250000001
2026-08-03T01:19:13.371Z,MCT2408023,15.499722,74.020833,39.07142857142857,194.19357142857143,506.2142857142857,90.77614571428572,9.49642857142857,19.166428571428572,8.689285714285715,31.570714285714292,21.853571428571428,5.546428571428572,27.352355
2026-08-03T00:20:00.000Z,MCT2408029,15.333611,74.206944,12,508.7247,733,93.83826,2.33,7.14,4.12,12.72,7.06,3.5,26.7778
2026-08-03T00:30:00.000Z,MCT2408029,15.333611,74.206944,12.875,499.79601249999996,729.375,93.841595625,3.738125,7.175000000000001,4.376875,13.438125,7.538125,3.5,26.775116250000004
2026-08-03T00:40:00.000Z,MCT2408029,15.333611,74.206944,13.0625,504.92111874999995,724.75,93.8821275,3.379375,7.1812499999999995,4.598125,13.834375000000001,7.6487500000000015,3.5,26.768411874999998
2026-08-03T00:50:00.000Z,MCT2408029,15.333611,74.206944,12.5625,505.98948750000017,730.6875,93.865436875,2.7600000000000002,7.15375,4.119999999999999,12.931875,7.281250000000002,3.5,26.756346874999995
2026-08-03T01:00:00.000Z,MCT2408029,15.333611,74.206944,18.75,564.44085625,738.1875,94.03328312500001,2.7506250000000003,7.1475,8.530624999999999,25.143125,13.42,3.5,26.7154575
2026-08-03T01:10:00.000Z,MCT2408029,15.333611,74.206944,20.0625,579.5979812500001,729.875,93.9522225,2.895625,7.1675,9.485,28.179999999999996,15.073124999999997,3.5,26.792544375000002
2026-08-03T01:19:13.371Z,MCT2408029,15.333611,74.206944,13.8,520.8286733333333,734.6,93.90386933333335,3.076666666666666,7.177333333333334,5.137333333333333,15.413333333333332,8.472,3.5,26.837858
2026-08-03T00:20:00.000Z,MCT2408034,15.356389,74.123611,41,180,502,79.624695,15.2,5.205,6.38,20.16,10.780000000000001,1.2000000000000002,29.9417
2026-08-03T00:30:00.000Z,MCT2408034,15.356389,74.123611,56.88,180.680108,503.48,79.72540199999997,15.199999999999994,4.6004,24.134400000000007,74.23759999999999,38.6304,1.5959999999999999,29.906520399999998
2026-08-03T00:40:00.000Z,MCT2408034,15.356389,74.123611,59.92,180,505.48,79.8163436,15.199999999999994,5.468,25.84760000000001,79.9028,41.81920000000001,2.2424,29.919819600000004
2026-08-03T00:50:00.000Z,MCT2408034,15.356389,74.123611,41,180,502.08,79.82397520000002,15.199999999999994,5.1107999999999985,9.2972,29.935600000000004,16.24,1.1199999999999997,29.931401199999996
2026-08-03T01:00:00.000Z,MCT2408034,15.356389,74.123611,41,180,506,79.76329416666668,15.199999999999994,5.217083333333334,7.671249999999997,24.539166666666663,13.3225,1.2029166666666664,29.991750833333338
2026-08-03T01:10:00.000Z,MCT2408034,15.356389,74.123611,41,180.245128,509.84,79.66192559999999,15.199999999999994,4.882399999999999,8.421599999999998,26.745599999999996,14.4012,1.2739999999999996,30.036083199999993
2026-08-03T01:19:13.370Z,MCT2408034,15.356389,74.123611,46.17391304347826,180,510.30434782608694,79.61407956521737,15.199999999999994,5.386956521739129,19.93130434782608,61.080000000000005,31.636956521739133,1.1321739130434778,30.118430869565213
2026-08-03T00:20:00.000Z,MCT2408027,15.275556,74.1075,27,1155.4,605,91.77069,6.58,12.71,8.88,28.59,15.81,2.95,27.2497
2026-08-03T00:30:00.000Z,MCT2408027,15.275556,74.1075,26.125,1161.14,588,91.79405687500002,6.579999999999999,12.504375000000001,8.3225,26.181875,14.45,2.9500000000000006,27.244340625000007
2026-08-03T00:40:00.000Z,MCT2408027,15.275556,74.1075,25.8125,1159.655,617.25,91.83601625000001,6.579999999999999,12.683125000000004,8.199374999999998,25.812500000000004,14.326875000000001,2.9500000000000006,27.251041875
2026-08-03T00:50:00.000Z,MCT2408027,15.275556,74.1075,24.75,1155.416875,621.875,91.85651750000002,6.579999999999999,12.599375000000002,7.273125000000001,23.595625000000002,13.216874999999998,2.9500000000000006,27.277185625
2026-08-03T01:00:00.000Z,MCT2408027,15.275556,74.1075,25.75,1158.423125,617,91.85270375000002,6.579999999999999,12.624375000000004,8.3225,25.75125,14.018125000000001,2.9500000000000006,27.27986875
2026-08-03T01:10:00.000Z,MCT2408027,15.275556,74.1075,28.0625,1155.6168750000002,610.1875,91.9814525,6.579999999999999,12.595000000000004,9.308124999999999,30.0025,16.86,2.9500000000000006,27.238976250000004
2026-08-03T01:19:13.564Z,MCT2408027,15.275556,74.1075,26.4,1158.3513333333333,608,91.97566600000002,6.579999999999999,12.68666666666667,8.285333333333332,26.878,15.217333333333334,2.9500000000000006,27.279732666666668
2026-08-03T00:20:00.000Z,MCT2408040,15.528056,74.020833,19,100,545,89.19958,7.81,5,3.07,8.42,3.93,3.5,27.17462
2026-08-03T00:30:00.000Z,MCT2408040,15.528056,74.020833,18.9375,100,555.5,89.14951624999999,8.049375000000001,4.970625000000002,3.07,8.529375,3.8906249999999996,3.5,27.187358125000003
2026-08-03T00:40:00.000Z,MCT2408040,15.528056,74.020833,18.9375,100,552.8125,89.10755499999998,8.128125000000002,5.001874999999999,3.07,8.551250000000001,3.8606249999999993,3.5,27.236963749999997
2026-08-03T00:50:00.000Z,MCT2408040,15.528056,74.020833,18.9375,100,550.375,89.08180499999999,8.211875000000001,4.982500000000001,3.07,8.704375,4.08125,3.5,27.287240625
2026-08-03T01:00:00.000Z,MCT2408040,15.528056,74.020833,18.9375,100,549.3125,89.13997937499998,8.040625,4.961875000000001,3.07875,8.98875,4.270625000000001,3.5,27.269141249999997
2026-08-03T01:10:00.000Z,MCT2408040,15.528056,74.020833,18.9375,100,541.9375,89.18909374999998,7.9993750000000015,4.93125,3.07,8.704374999999999,4.0375,3.5,27.289921250000003
2026-08-03T01:19:13.579Z,MCT2408040,15.528056,74.020833,19,100,519,89.21179333333336,7.982666666666668,4.867999999999999,3.07,8.443333333333335,3.7866666666666657,3.5,27.36052733333333
2026-08-03T00:20:00.000Z,MCT2408044,15.313669,74.140042,26,214.29,529,93.9527,11.36,3.32,2.87,8.5,5.41,4.102564,26.65982
2026-08-03T00:30:00.000Z,MCT2408044,15.313669,74.140042,25.9375,214.29,526.3125,93.97224812500001,11.001874999999998,3.580625,3.050625,8.6875,5.303749999999999,4.0010416875,26.656465625000003
2026-08-03T00:40:00.000Z,MCT2408044,15.313669,74.140042,26,214.29,522.4,93.92065400000001,11.128666666666668,3.57,3.6766666666666663,10.766666666666667,6.6693333333333324,4.0070084,26.625497333333335
2026-08-03T00:50:00.000Z,MCT2408044,15.313669,74.140042,25.8125,214.29,514.1875,93.99179875,10.965624999999998,3.355,3.231875,9.65625,6.017500000000001,4.3679485,26.596807500000004
2026-08-03T01:00:00.000Z,MCT2408044,15.313669,74.140042,25.9375,214.29,513.25,93.91025749999999,10.928749999999999,3.5274999999999994,3.4118749999999998,9.96875,6.084375,4.189983937500001,26.609543750000004
2026-08-03T01:10:00.000Z,MCT2408044,15.313669,74.140042,26.066666666666666,214.29,511.4,94.08443000000003,11.2,3.32,3.8706666666666676,11.433333333333334,7.138,3.8899144,26.651238
2026-08-03T01:19:13.581Z,MCT2408044,15.313669,74.140042,25.928571428571427,214.29,501,93.76468642857142,10.943571428571431,3.3364285714285713,5.090714285714285,14.321428571428571,8.688571428571427,4.112820428571428,26.778565000000004
2026-08-03T00:20:00.000Z,MCT2408049,15.475278,74.055833,57,150,566,88.92493,24.41,13.46,4.6,14.555,7.675,2.61,27.45348
2026-08-03T00:30:00.000Z,MCT2408049,15.475278,74.055833,56.6875,150,584.375,88.88630312499998,24.226249999999997,9.588125000000002,4.6,14.169375000000002,7.289375,2.61,27.458169375000004
2026-08-03T00:40:00.000Z,MCT2408049,15.475278,74.055833,56.8125,150.17844374999999,568.1875,88.81239374999998,24.201249999999998,10.566875,5.271874999999999,15.799375,8.154375000000003,2.61,27.460850000000004
2026-08-03T00:50:00.000Z,MCT2408049,15.475278,74.055833,56.8125,150,568.5625,88.78903125,24.300625,9.767500000000002,4.840625,15.224375,8.105,2.61,27.472916875000003
2026-08-03T01:00:00.000Z,MCT2408049,15.475278,74.055833,56.625,150,553.25,88.7380075,24.15875,10.608125,7.283125,22.88625,12.516875000000002,2.61,27.505762499999996
2026-08-03T01:10:00.000Z,MCT2408049,15.475278,74.055833,56.875,150.170975,517.375,88.8534,24.350625,11.986874999999998,9.200625,28.535624999999996,15.488125000000002,2.61,27.613012500000004
2026-08-03T01:19:13.580Z,MCT2408049,15.475278,74.055833,56.92857142857143,150,510,88.98432500000003,24.342142857142854,12.054285714285712,11.446428571428571,34.69,18.13857142857143,2.61,27.70091785714286
2026-08-03T00:20:00.000Z,MCT2408037,15.394444,74.118333,25,160,501,86.77344,10.6,210.94,5.2,17.99,8.99,3.41,26.84215
2026-08-03T00:30:00.000Z,MCT2408037,15.394444,74.118333,25.5,160,502,86.71955375000002,10.610000000000001,205.429375,6.318125000000002,21.721875000000004,10.95875,3.6956249999999997,26.883706249999996
2026-08-03T00:40:00.000Z,MCT2408037,15.394444,74.118333,25.5,160,502,86.68855687500002,10.655625,204.091875,6.225625000000002,22.079375000000002,11.333750000000002,3.6787499999999995,26.888399999999994
2026-08-03T00:50:00.000Z,MCT2408037,15.394444,74.118333,25.375,160,505.9375,86.67759000000002,10.630625,203.78687499999995,5.714375000000001,20.188125,10.39625,3.589375,26.885048749999996
2026-08-03T01:00:00.000Z,MCT2408037,15.394444,74.118333,25.375,160,505.0625,86.68379000000002,10.592500000000003,207.46125,4.9712499999999995,18.091875,9.365625,3.6218749999999997,26.886388124999996
2026-08-03T01:10:00.000Z,MCT2408037,15.394444,74.118333,25.25,160,498.375,86.73767437500001,10.54125,214.909375,6.225000000000001,22.488749999999996,11.755625000000002,3.654375,26.893091249999998
2026-08-03T01:19:13.770Z,MCT2408037,15.394444,74.118333,26.266666666666666,160,495.8666666666667,86.71189133333336,10.789333333333333,213.73133333333334,8.423333333333336,29.928000000000008,15.340000000000003,3.5740000000000003,26.95797866666666
2026-08-03T00:20:00.000Z,MCT2408041,15.224628,74.171389,33,379.7279,490,91.86224,13.79,9.7,8.09,20.25,8.9,8.5,26.88505
2026-08-03T00:30:00.000Z,MCT2408041,15.224628,74.171389,32.5625,401.64491875,491.5,91.91135749999998,13.59375,9.7,9.198125,27.135000000000005,14.001250000000002,7.983125,26.877004374999995
2026-08-03T00:40:00.000Z,MCT2408041,15.224628,74.171389,32.625,420.34485,490.5625,91.96619437499997,13.73375,9.7,8.090000000000002,22.578750000000003,11.220625,8.071875,26.872311250000003
2026-08-03T00:50:00.000Z,MCT2408041,15.224628,74.171389,32.625,380.53758750000003,505.625,91.69535125000003,13.687499999999998,9.7,8.291875000000003,22.528125000000003,10.868750000000004,8.0575,26.96481437499999
2026-08-03T01:00:00.000Z,MCT2408041,15.224628,74.171389,32.5625,402.967675,501.9375,91.73254375000002,13.571250000000001,9.7,8.794375,24.958125,12.436250000000001,7.991874999999999,26.960791875000005
2026-08-03T01:10:00.000Z,MCT2408041,15.224628,74.171389,33,364.95369375,502.1875,91.84555437499998,13.65625,9.7,10.109375000000004,29.767500000000005,15.365624999999998,7.898750000000001,26.944035
2026-08-03T01:19:13.781Z,MCT2408041,15.224628,74.171389,32.53333333333333,369.93802,508.06666666666666,92.29915533333333,13.545333333333334,9.7,9.382666666666667,26.730000000000004,13.424666666666665,7.9526666666666666,26.80282266666666
2026-08-03T00:20:00.000Z,MCT2408042,15.213889,74.071667,60,294.62,444,87.1015,25.38,16.69,7.28,23.71,13.67,4.68,28.31149
2026-08-03T00:30:00.000Z,MCT2408042,15.213889,74.071667,61.25,280.596875,440.375,86.80777000000002,26.108750000000004,16.513125000000002,6.9956249999999995,23.882500000000004,13.954374999999999,4.367500000000001,28.441528125
2026-08-03T00:40:00.000Z,MCT2408042,15.213889,74.071667,60.625,279.509375,441.8125,86.17882125000001,25.690625,16.570625000000003,6.5975,23.027500000000003,13.668750000000001,4.65375,28.594359374999996
2026-08-03T00:50:00.000Z,MCT2408042,15.213889,74.071667,60.75,272.71875,443.5,86.09346875000001,25.86,16.076875,7.16625,24.793750000000006,14.807500000000005,4.915000000000001,28.699599375
2026-08-03T01:00:00.000Z,MCT2408042,15.213889,74.071667,60.5,274.98875000000004,440.5625,85.39251875,25.659999999999997,16.171249999999997,6.825,23.37,13.726249999999999,4.814375,28.75858499999999
2026-08-03T01:10:00.000Z,MCT2408042,15.213889,74.071667,60.75,263.12874999999997,436.6875,85.43877124999999,25.780000000000005,16.3775,7.166250000000001,24.224375,14.068124999999998,4.954374999999999,28.781377499999998
2026-08-03T01:19:13.777Z,MCT2408042,15.213889,74.071667,60.4,232.87666666666667,435.8,85.21958266666665,25.550666666666665,16.482666666666667,8.068666666666665,26.691333333333326,15.186666666666671,4.691333333333334,28.889926666666664
2026-08-03T00:20:00.000Z,MCT2408033,15.346944,74.007778,24,115.2391,543,90.24481,11.46,57.80121,6.06,14.87,8.82,4.39,27.27115
2026-08-03T00:30:00.000Z,MCT2408033,15.346944,74.007778,20.25,113.18236875000001,541.0625,90.395493125,8.42,53.611636874999995,5.30125,14.165625000000002,8.968124999999997,4.39,27.261098749999988
2026-08-03T00:40:00.000Z,MCT2408033,15.346944,74.007778,20.375,113.89060625,538.625,90.471785625,8.43125,51.63309625,5.376875000000001,14.295,8.97125,4.39,27.278526875
2026-08-03T00:50:00.000Z,MCT2408033,15.346944,74.007778,20.1875,115.54424374999998,542.5625,90.56143312499998,8.321250000000001,52.370108124999994,4.848750000000001,13.236875000000003,8.60375,4.39,27.292603125000003
2026-08-03T01:00:00.000Z,MCT2408033,15.346944,74.007778,20.5625,111.9161,541.1875,90.68207124999998,8.384375,51.92959437499999,7.689375000000001,20.385,12.72,4.39,27.322096874999993
2026-08-03T01:10:00.000Z,MCT2408033,15.346944,74.007778,22.75,110.07248125,531.6875,90.77743874999997,8.875625,49.230046875,11.438750000000002,29.743125,18.199375,4.39,27.401193749999997
2026-08-03T01:19:13.782Z,MCT2408033,15.346944,74.007778,23.066666666666666,110,535.4,90.86024666666667,8.81466666666667,52.80723,11.999333333333336,30.632666666666662,18.353999999999996,4.39,27.523547999999998
2026-08-03T00:20:00.000Z,MCT2408046,15.529167,74.07,31,301.55,775,92.71674,13.10922,25.27941,5,13,5.789474,2.84,26.7349
2026-08-03T00:30:00.000Z,MCT2408046,15.529167,74.07,31.076923076923077,257.26346153846157,762.5,92.81415730769228,13.389180769230766,25.13970615384615,5.024038461538462,12.961538461538462,5.95141723076923,3.6926923076923086,26.734896923076917
2026-08-03T00:40:00.000Z,MCT2408046,15.529167,74.07,30.96,249.18599999999998,788.36,92.95111039999998,13.361426400000001,24.1905904,6.675,18.08,8.673684799999998,3.7039999999999997,26.756347199999997
2026-08-03T00:50:00.000Z,MCT2408046,15.529167,74.07,31,245.96959999999996,764.04,92.81896880000001,13.4132584,22.6588256,6.625,18.68,9.263158240000001,3.605199999999999,26.806968800000003
2026-08-03T01:00:00.000Z,MCT2408046,15.529167,74.07,31.16,258.79599999999994,778.72,92.94104199999998,13.4825748,24.8588244,7.6,21.48,10.568421840000001,3.7760000000000002,26.812546
2026-08-03T01:10:00.000Z,MCT2408046,15.529167,74.07,30.84,304.4316,780.52,92.9425656,13.266604799999998,24.8888252,7.45,21.12,10.484210999999998,3.3971999999999998,26.84558000000001
2026-08-03T01:19:13.954Z,MCT2408046,15.529167,74.07,35.26086956521739,390.0556521739131,789.5652173913044,92.91675869565213,13.368743043478263,24.939259565217387,18.940217391304348,53,25.812356521739133,3.125652173913044,26.874789565217384
2026-08-03T00:20:00.000Z,MCT2408024,15.148056,74.131667,40,223.6252,587.5,80.68518,17.28343,5,6.495,24.49,14.99,2.515,28.84774
2026-08-03T00:30:00.000Z,MCT2408024,15.148056,74.131667,40.76,219.61086000000003,514.08,80.70501759999998,17.723479200000003,5.337085440000001,9.391200000000003,31.46160000000001,18.026000000000003,2.5308,28.821569599999997
2026-08-03T00:40:00.000Z,MCT2408024,15.148056,74.131667,40.16,219.22600799999998,591.88,80.7511,17.2491628,5.484560319999999,6.395599999999999,22.468000000000007,13.310000000000004,2.5399999999999996,28.797544400000014
2026-08-03T00:50:00.000Z,MCT2408024,15.148056,74.131667,40.625,216.82916249999994,598.9166666666666,80.89022000000003,17.48147666666667,5.438913333333335,11.573333333333336,36.27041666666668,19.65083333333334,2.5195833333333337,28.74495625
2026-08-03T01:00:00.000Z,MCT2408024,15.148056,74.131667,45.8,189.18123200000002,543.32,81.05139160000002,17.751289999999997,5.337085440000001,23.26160000000001,68.51880000000001,35.1328,2.5300000000000002,28.6980164
2026-08-03T01:10:00.000Z,MCT2408024,15.148056,74.131667,40.88,211.54246000000003,608.28,81.23815880000002,17.709574,5.484560319999999,11.9892,37.45840000000001,20.183600000000006,2.5116,28.696728799999995
2026-08-03T01:19:13.973Z,MCT2408024,15.148056,74.131667,40.91304347826087,214.12038260869565,603.8695652173913,81.41362304347827,17.80461130434783,5.912228304347826,8.555652173913046,26.983913043478264,14.903043478260873,2.512608695652174,28.705513478260865
2026-08-03T00:20:00.000Z,MCT2408045,15.619444,73.878889,28,178.12,676,88.10858,12.04,17.89,6.04,19.39,9.61,2.53,27.44275
2026-08-03T00:30:00.000Z,MCT2408045,15.619444,73.878889,27.75,178.11999999999995,680.3125,88.10858,11.602499999999997,18.038749999999997,5.19,17.074375000000003,8.589375,2.5300000000000002,27.442749999999993
2026-08-03T00:40:00.000Z,MCT2408045,15.619444,73.878889,27.875,178.11999999999995,669.9375,88.13147000000002,11.725625,17.723125,4.718125000000001,16.04125,8.341250000000002,2.5300000000000002,27.442749999999993
2026-08-03T00:50:00.000Z,MCT2408045,15.619444,73.878889,27.875,178.11999999999995,648.375,88.17629625000002,11.725625,17.787499999999998,6.479375000000002,21.45625,10.777500000000003,2.5300000000000002,27.442749999999993
2026-08-03T01:00:00.000Z,MCT2408045,15.619444,73.878889,28.0625,178.11999999999995,640.5625,88.1219325,11.8,17.564999999999998,6.478750000000002,21.527500000000003,10.813125000000003,2.5300000000000002,27.442749999999993
2026-08-03T01:10:00.000Z,MCT2408045,15.619444,73.878889,28,178.11999999999995,638.8125,88.18821437500002,11.80625,17.5375,6.92125,23.02375,11.59125,2.5300000000000002,27.476938125
2026-08-03T01:19:13.993Z,MCT2408045,15.619444,73.878889,28.142857142857142,178.11999999999995,634.2857142857143,88.2377357142857,11.72857142857143,17.655,9.922142857142857,33.28071428571428,16.922857142857143,2.5300000000000002,27.539277142857138
2026-08-03T00:20:00.000Z,MCT2408022,15.475833,74.038889,62,150,446,90.22955,4.93,11.37751,29,93,51,4.269174,27.2926
2026-08-03T00:30:00.000Z,MCT2408022,15.475833,74.038889,58.1875,150,443.9375,90.31490687500002,4.54875,11.148656874999999,25.5625,82.75,46.125,4.274815812500001,27.249700625
2026-08-03T00:40:00.000Z,MCT2408022,15.475833,74.038889,94.75,150,437.4375,90.52233125000002,4.3575,11.32756,40.6875,135.25,76.9375,4.2564621875,27.226910000000004
2026-08-03T00:50:00.000Z,MCT2408022,15.475833,74.038889,37.625,150,442.625,90.446514375,4.5912500000000005,11.213541874999999,13.0625,43.5625,24.75,4.228254187499999,27.316733749999997
2026-08-03T01:00:00.000Z,MCT2408022,15.475833,74.038889,39.9375,150,440.5625,90.48561375000001,4.449999999999999,11.21354125,15.375,48.4375,26.25,4.255992,27.299305625
2026-08-03T01:10:00.000Z,MCT2408022,15.475833,74.038889,34.5625,150,438.8125,90.2967875,4.399374999999999,11.281374999999999,11.75,37.5625,20.75,4.2555587500000005,27.398513750000003
2026-08-03T01:19:13.993Z,MCT2408022,15.475833,74.038889,33.785714285714285,150,435.85714285714283,90.26933499999998,4.402142857142858,11.33964285714286,11.285714285714286,36,19.928571428571427,4.243889928571429,27.461903571428575
2026-08-03T00:20:00.000Z,MCT2408032,15.525556,73.828611,36,224.05,681,84.740205,15.86,45.32,7.12,17.07,7.08,3.24,28.84774
2026-08-03T00:30:00.000Z,MCT2408032,15.525556,73.828611,35.48,220.6064,707.04,84.83190960000002,15.111200000000004,43.4176,7.120000000000002,18.3196,8.323600000000003,3.1252000000000004,28.8507432
2026-08-03T00:40:00.000Z,MCT2408032,15.525556,73.828611,35.4,215.582,696,84.83557240000002,15.087599999999998,42.267999999999994,7.120000000000002,17.921999999999997,7.928800000000003,3.0479999999999996,28.848598000000006
2026-08-03T00:50:00.000Z,MCT2408032,15.525556,73.828611,35.24,216.42999999999995,693.88,84.4483048,14.906,42.4156,7.120000000000002,18.9452,8.948400000000001,3.1012,28.878199199999987
2026-08-03T01:00:00.000Z,MCT2408032,15.525556,73.828611,35.12,213.50879999999998,680.28,84.07782000000002,14.878000000000002,42.498000000000005,7.120000000000002,20.367199999999997,10.364800000000002,3.1856000000000004,28.989742400000015
2026-08-03T01:10:00.000Z,MCT2408032,15.525556,73.828611,35.32,206.78600000000006,669.88,83.70336999999999,15.029200000000001,42.886399999999995,7.120000000000002,20.365599999999993,10.364400000000003,3.0792,29.159624800000007
2026-08-03T01:19:13.992Z,MCT2408032,15.525556,73.828611,35.21739130434783,207.57739130434783,668.0434782608696,83.76048869565217,14.900434782608697,42.26478260869565,7.243913043478263,23.00260869565217,12.803478260869566,3.0408695652173914,29.30052565217391
2026-08-03T00:20:00.000Z,MCT2408036,15.171567,74.067106,36,120,403,89.97015,10.89,8.34,4.21,15.7,10.13,10.89,27.80741
2026-08-03T00:30:00.000Z,MCT2408036,15.171567,74.067106,36.1875,120,407.9375,90.18234625,11.228124999999999,8.205,3.650625,13.136875,8.106249999999998,11.072500000000002,27.716239375
2026-08-03T00:40:00.000Z,MCT2408036,15.171567,74.067106,37.06666666666667,120,408.06666666666666,90.69392866666666,10.937333333333333,7.757999999999998,4.069333333333334,14.116666666666665,8.648666666666664,11.714,27.537845333333337
2026-08-03T00:50:00.000Z,MCT2408036,15.171567,74.067106,36.875,120,409.6875,91.09548937500001,10.718125,7.733749999999998,4.243125000000001,14.62625,8.866875,11.484374999999998,27.47961875
2026-08-03T01:00:00.000Z,MCT2408036,15.171567,74.067106,36.375,120,410,90.966743125,10.733125,7.624374999999999,4.144375,14.690624999999999,9.088750000000001,11.200624999999999,27.593571875000002
2026-08-03T01:10:00.000Z,MCT2408036,15.171567,74.067106,36.4375,120,407.1875,90.57955125,10.98625,8.2125,4.243125,14.563750000000002,8.803125000000001,11.160000000000002,27.758471875
2026-08-03T01:19:14.158Z,MCT2408036,15.171567,74.067106,36.214285714285715,120,415.85714285714283,90.24753642857145,10.55857142857143,7.984285714285713,4.248571428571429,14.654285714285715,8.831428571428571,11.142142857142856,27.875587142857135
2026-08-03T00:20:00.000Z,MCT2408031,15.290833,74.149167,18,174.7686,565,87.86444,7.609797,6,5.71,15.22,8.57,5.21,26.74562
2026-08-03T00:30:00.000Z,MCT2408031,15.290833,74.149167,18.125,169.25494375,565.5,87.85156437500002,7.4396905625,6,5.6237499999999985,15.245624999999999,8.602499999999997,4.935625,26.738919999999993
2026-08-03T00:40:00.000Z,MCT2408031,15.290833,74.149167,18.0625,156.96157499999998,567.5625,87.826770625,7.3228989375,6.028559124999999,6.100625,16.141249999999996,8.927499999999998,4.7768749999999995,26.768412500000004
2026-08-03T00:50:00.000Z,MCT2408031,15.290833,74.149167,20.6875,156.35383125,568.375,87.76001375000001,7.294261812499999,6.028559125,8.660625000000001,22.66375,12.380624999999998,4.798125,26.800589375000005
2026-08-03T01:00:00.000Z,MCT2408031,15.290833,74.149167,21.125,140.82944375,575.625,87.87540812500004,7.2369879374999995,6.028559124999999,9.523749999999998,25.244375,13.92875,4.915,26.766402499999998
2026-08-03T01:10:00.000Z,MCT2408031,15.290833,74.149167,18.4375,140.3391875,574,87.868255,7.210594312500002,6.072366499999999,7.143749999999999,18.53375,10.090000000000002,4.7,26.790534375
2026-08-03T01:19:14.176Z,MCT2408031,15.290833,74.149167,20.733333333333334,142.60445333333334,563.5333333333333,88.05822866666668,6.9935246,7.605626,9.142,24.522,13.619333333333334,4.863333333333333,26.758490666666667
2026-08-03T00:20:00.000Z,MCT2408038,15.188889,74.055556,47,233.33,624,91.57996,14.030000000000001,13.33,21.990000000000002,64.61500000000001,32.79,4.705,27.68943
2026-08-03T00:30:00.000Z,MCT2408038,15.188889,74.055556,44.6,233.32999999999996,645.6,91.53468799999999,14.155333333333335,13.330000000000005,20.316,59.31133333333332,29.982000000000003,4.761333333333332,27.695146000000005
2026-08-03T00:40:00.000Z,MCT2408038,15.188889,74.055556,45.1875,233.32999999999996,651.1875,91.45454624999998,13.778125,13.330000000000005,20.86625,60.38875,30.209375000000005,4.760625,27.722273750000003
2026-08-03T00:50:00.000Z,MCT2408038,15.188889,74.055556,39.875,233.32999999999996,646.75,91.26619562500001,13.969999999999999,13.330000000000005,17.074375000000003,48.894375000000004,24.284375000000004,4.7675,27.78662999999999
2026-08-03T01:00:00.000Z,MCT2408038,15.188889,74.055556,35.75,233.44937499999997,654.875,91.27048812500001,13.914374999999998,13.330000000000005,13.163124999999999,39.016875,20.0475,4.752499999999999,27.787969999999994
2026-08-03T01:10:00.000Z,MCT2408038,15.188889,74.055556,41.25,233.32999999999996,654.4375,91.29814437500004,13.496874999999998,13.330000000000005,17.615000000000002,51.503125000000004,26.0075,4.81625,27.808079375000002
2026-08-03T01:19:14.204Z,MCT2408038,15.188889,74.055556,41.4,233.32999999999996,659.3333333333334,91.43194466666665,13.931999999999999,13.330000000000005,17.588,51.822666666666656,26.529333333333337,4.824666666666667,27.838152
2026-08-03T00:20:00.000Z,MCT2408039,15.163611,74.110833,29,373.91999999999996,449.5,86.18216,10.149999999999999,10.3,9.02,28.94,11.76,2.3,27.785955
2026-08-03T00:30:00.000Z,MCT2408039,15.163611,74.110833,29,368.175625,444.4375,86.13781437500002,9.199374999999998,10.3,9.019999999999998,28.94,11.759999999999998,2.3,27.778581249999995
2026-08-03T00:40:00.000Z,MCT2408039,15.163611,74.110833,29,373.7900000000001,440.0625,86.06915000000002,8.911874999999998,10.3,9.019999999999998,28.94,11.759999999999998,2.3,27.79601125
2026-08-03T00:50:00.000Z,MCT2408039,15.163611,74.110833,29,371.425625,445.375,85.97282812500002,8.612499999999999,10.3,9.019999999999998,28.94,11.759999999999998,2.3,27.838911249999995
2026-08-03T01:00:00.000Z,MCT2408039,15.163611,74.110833,29,336.55749999999995,450,85.84551312500002,9.385624999999997,10.3,9.019999999999998,28.94,11.759999999999998,2.3,27.881811249999995
2026-08-03T01:10:00.000Z,MCT2408039,15.163611,74.110833,29,283.35999999999996,446,85.83044399999999,9.222666666666665,10.3,9.019999999999998,28.94,11.759999999999998,2.3,27.932531999999995
2026-08-03T01:19:14.204Z,MCT2408039,15.163611,74.110833,29.066666666666666,316.70866666666666,444.06666666666666,85.85994333333332,9.050666666666666,10.3,9.019999999999998,29.008666666666667,11.813333333333333,2.3,27.953267333333333
2026-08-03T00:20:00.000Z,MCT2408035,15.236111,74.125,46,190,601,91.19086,17.37351,69.94233,3.8,10.19,4.91,3.83,27.38913
2026-08-03T00:30:00.000Z,MCT2408035,15.236111,74.125,49.6875,190,606.875,91.19419687499999,20.383416249999996,68.34377999999998,3.799999999999999,10.331874999999998,5.049374999999999,3.8299999999999987,27.425994999999997
2026-08-03T00:40:00.000Z,MCT2408035,15.236111,74.125,49.6875,190,604,91.13363562499997,20.247394999999997,68.92191937499997,3.799999999999999,10.21375,4.933124999999999,3.8299999999999987,27.436048749999994
2026-08-03T00:50:00.000Z,MCT2408035,15.236111,74.125,48.375,190,589.5,91.16033999999998,19.25804375,67.09322562499999,3.799999999999999,10.6625,5.376875,3.8299999999999987,27.39784312500001
2026-08-03T01:00:00.000Z,MCT2408035,15.236111,74.125,49.125,190,611.3125,91.24712187499998,19.859095,68.36734999999997,3.799999999999999,10.919999999999998,5.6375,3.8299999999999987,27.417281875
2026-08-03T01:10:00.000Z,MCT2408035,15.236111,74.125,49.625,190,606.875,91.229484375,20.343888749999998,65.96051499999999,3.894999999999999,11.46375,6.015625000000001,3.8299999999999987,27.468895625000005
2026-08-03T01:19:14.204Z,MCT2408035,15.236111,74.125,50,190,589.4666666666667,91.25951999999997,20.428446666666666,64.115646,3.799999999999999,10.942666666666664,5.660666666666667,3.8299999999999987,27.51854266666667
2026-08-03T04:30:00.000Z,MCT2408028,15.186944,74.096667,39.857142857142854,586.7464285714287,446.2142857142857,87.82356857142858,16.92142857142857,12.592142857142855,10.56,36.575714285714284,21.515714285714285,1.5014285714285713,29.639864999999997
2026-08-03T04:40:00.000Z,MCT2408028,15.186944,74.096667,39.416666666666664,554.91625,442.7916666666667,86.01781041666663,16.43916666666667,12.620833333333337,9.612916666666672,33.39458333333334,19.634583333333342,1.1016666666666668,29.480967499999995
2026-08-03T04:50:00.000Z,MCT2408028,15.186944,74.096667,37.8,520.358,442.08,85.96044880000001,15.269600000000004,13.611199999999997,8.750000000000002,29.5128,17.139599999999998,1.7344000000000002,28.269012800000006
2026-08-03T05:00:00.000Z,MCT2408028,15.186944,74.096667,41.2,559.7068,450.84,90.06933560000002,16.234799999999993,14.489600000000003,11.867200000000002,40.807599999999994,23.8992,1.5104000000000002,27.27844279999999
2026-08-03T05:10:00.000Z,MCT2408028,15.186944,74.096667,45.2,605.7832,454.16,91.5497436,17.329600000000006,13.905600000000003,15.622400000000003,51.467199999999984,29.108800000000002,0.6439999999999999,27.279302400000002
2026-08-03T05:20:00.000Z,MCT2408028,15.186944,74.096667,41.24,624.1876,457.72,91.7099612,17.744400000000002,13.239199999999997,10.868800000000004,37.38679999999999,21.951600000000003,1.7568000000000004,27.6285092
2026-08-03T05:24:30.114Z,MCT2408028,15.186944,74.096667,42.63636363636363,626.1390909090908,460.8181818181818,91.97252272727272,17.735454545454544,12.734545454545456,14.617272727272727,49.805454545454545,28.919999999999995,2.1245454545454545,27.835682727272726
2026-08-03T04:30:00.000Z,MCT2408020,15.543475,74.039433,22.22222222222222,180,593.3333333333334,81.7405788888889,9.443751555555556,19.102764444444446,6.183333333333334,21.23,12.183333333333334,3.6599999999999997,31.03923444444444
2026-08-03T04:40:00.000Z,MCT2408020,15.543475,74.039433,23.0625,180,587.5,79.89792125,9.528064125,19.226174999999998,6.493124999999999,22.134375000000002,12.719375000000001,3.6599999999999984,31.553814375000005
2026-08-03T04:50:00.000Z,MCT2408020,15.543475,74.039433,22.625,180,597.9375,79.357665,9.573969875000001,19.76458375,6.202499999999999,21.903125000000003,12.835625000000002,3.6599999999999984,31.520298750000002
2026-08-03T05:00:00.000Z,MCT2408020,15.543475,74.039433,22.125,180,595.9375,79.80112499999998,9.5629165,19.357619999999997,5.799999999999999,20.561875,11.905625,3.6599999999999984,31.661065625
2026-08-03T05:10:00.000Z,MCT2408020,15.543475,74.039433,21.333333333333332,180,604.0666666666667,79.07487066666665,8.945069066666667,19.16239,5.753999999999999,19.633999999999997,11.026000000000002,3.6599999999999984,32.417766
2026-08-03T05:20:00.000Z,MCT2408020,15.543475,74.039433,23.5,180,600.3125,77.426474375,9.9032464375,20.284131875,6.553749999999999,22.425625,12.718750000000002,3.6599999999999984,32.625654374999996
2026-08-03T05:24:30.115Z,MCT2408020,15.543475,74.039433,22.75,180,597.875,77.76503,10.177122,20.60955125,5.800000000000001,20.5025,11.847500000000002,3.66,32.32535375
2026-08-03T04:30:00.000Z,MCT2408055,15.585833,73.885556,18.625,104.5575,655.75,81.92305124999999,7.711250000000001,28.990934999999997,5.592499999999999,17.76375,10.73625,1.84375,31.490133750000005
2026-08-03T04:40:00.000Z,MCT2408055,15.585833,73.885556,18.625,113.91312499999998,656.5,79.226536875,7.71875,30.285068124999995,5.637500000000001,18.873124999999998,11.71625,2.153125,31.709329375
2026-08-03T04:50:00.000Z,MCT2408055,15.585833,73.885556,18.8125,117.96875,667.0625,79.76345375000001,7.8218749999999995,33.674860624999994,5.288125000000002,17.926875,11.376249999999999,2.408125,31.368808125000005
2026-08-03T05:00:00.000Z,MCT2408055,15.585833,73.885556,19.0625,113.48875000000001,661.5,80.58266125,7.79875,30.568944374999994,5.3312500000000025,18.214375,11.58875,2.2818750000000003,31.209941875000002
2026-08-03T05:10:00.000Z,MCT2408055,15.585833,73.885556,19.0625,111.65875,663.625,81.21876125,7.74875,31.568467499999993,5.417500000000001,18.33875,11.631875,2.379375,30.831211250000003
2026-08-03T05:20:00.000Z,MCT2408055,15.585833,73.885556,19.0625,110.473125,667,81.110518125,8.060624999999998,28.421995624999994,5.549375000000001,18.503125,11.54625,2.0581250000000004,30.952539374999997
2026-08-03T05:24:30.117Z,MCT2408055,15.585833,73.885556,19.142857142857142,109.6557142857143,659.7142857142857,80.61651714285713,7.881428571428572,27.911667142857144,5.592857142857143,18.890000000000004,11.881428571428572,2.2028571428571433,30.88550857142857
2026-08-03T04:30:00.000Z,MCT2408056,15.579167,73.920833,24,180,631.625,81.34703125,7.522499999999999,11.33920175,6.452500000000001,23.4525,14.88,2.0412500000000002,31.889645
2026-08-03T04:40:00.000Z,MCT2408056,15.579167,73.920833,24.75,182.75265000000002,610.5625,80.18545500000002,7.773125,25.8689829375,6.863749999999999,24.760624999999997,15.756250000000001,3.0462500000000006,32.04716875
2026-08-03T04:50:00.000Z,MCT2408056,15.579167,73.920833,24.5,180.97113124999998,611.6875,80.13491,7.144999999999999,27.047974125,6.805,24.305625000000003,15.406250000000002,3.7431250000000005,31.92316125
2026-08-03T05:00:00.000Z,MCT2408056,15.579167,73.920833,23.5,181.38322499999998,596.625,80.26556437499998,7.048125,21.429282625000003,5.80625,21.9725,14.176875000000003,3.195,31.624199375000003
2026-08-03T05:10:00.000Z,MCT2408056,15.579167,73.920833,24.0625,180,630.125,81.04996062500001,7.5443750000000005,12.968310250000002,6.2175,23.395625,15.055625000000003,2.3018749999999994,31.246810625000002
2026-08-03T05:20:00.000Z,MCT2408056,15.579167,73.920833,24.3125,181.36684375,617.1875,81.300300625,7.408125000000002,17.05120325,6.2175,23.623125,15.288750000000002,3.4762500000000003,31.130173125
2026-08-03T05:24:30.119Z,MCT2408056,15.579167,73.920833,24.857142857142858,181.60655714285713,628.4285714285714,80.90752285714287,7.021428571428571,31.850096000000004,6.435714285714286,24.460000000000004,15.8,3.36,31.236374285714284
2026-08-03T04:30:00.000Z,MCT2408057,15.272222,74.104722,29.928571428571427,341.51571428571435,446.57142857142856,79.77619214285714,13.332142857142856,8.473571428571429,4.64142857142857,14.984285714285717,8.460714285714287,3.724285714285714,30.498637857142857
2026-08-03T04:40:00.000Z,MCT2408057,15.272222,74.104722,29.84,341.8248,447.48,80.48986800000003,13.250799999999996,8.373600000000001,4.22,13.502799999999993,7.639200000000001,3.5335999999999994,30.022781200000008
2026-08-03T04:50:00.000Z,MCT2408057,15.272222,74.104722,29.08,342.46079999999995,453.2,80.7077628,12.862399999999997,8.5516,4.910799999999998,15.697199999999999,8.9672,3.2392000000000007,29.816429600000006
2026-08-03T05:00:00.000Z,MCT2408057,15.272222,74.104722,28.96,334.6584,452.88,79.782776,12.579199999999997,8.751200000000003,5.220399999999999,16.488800000000005,9.2772,2.9939999999999998,29.9434164
2026-08-03T05:10:00.000Z,MCT2408057,15.272222,74.104722,28.96,324.9972,455.96,80.48376440000001,12.430800000000001,9.0676,5.433599999999999,17.413999999999994,9.8748,2.783599999999999,29.875632399999994
2026-08-03T05:20:00.000Z,MCT2408057,15.272222,74.104722,28.88,331.98879999999997,455.48,81.58636479999997,12.436399999999999,9.100000000000001,6.413200000000001,20.0832,11.1144,2.6256,29.812997199999998
2026-08-03T05:24:30.114Z,MCT2408057,15.272222,74.104722,29,324.8927272727273,459.27272727272725,81.90172363636366,12.418181818181818,9.067272727272726,7.531818181818182,23.183636363636364,12.629090909090907,2.4118181818181816,29.810072727272726
2026-08-03T04:30:00.000Z,MCT2408021,15.500556,74.053333,48.111111111111114,375,488.3333333333333,83.92343555555554,19.86888888888889,13.18072111111111,3.652222222222222,12.366666666666667,8.254444444444443,4.4,29.930975555555563
2026-08-03T04:40:00.000Z,MCT2408021,15.500556,74.053333,48.8125,375,485.625,83.3692975,20.494374999999998,13.858865625,3.7793749999999995,12.850625,8.691249999999998,4.32375,30.83590375
2026-08-03T04:50:00.000Z,MCT2408021,15.500556,74.053333,48,375,486.0625,80.21311250000001,19.967499999999998,13.938804375,3.0068749999999995,10.32625,6.87625,4.3412500000000005,31.739493125
2026-08-03T05:00:00.000Z,MCT2408021,15.500556,74.053333,47.875,375,480.625,79.442544375,19.768124999999998,13.6575125,2.889375,9.919374999999999,6.546874999999999,4.4225,31.683854375000006
2026-08-03T05:10:00.000Z,MCT2408021,15.500556,74.053333,47.8125,375,482.625,80.00902562500002,19.697499999999998,13.5318675,2.9481249999999997,10.136249999999999,6.724999999999999,4.346875,31.490804375
2026-08-03T05:20:00.000Z,MCT2408021,15.500556,74.053333,48.3125,375,485.5,80.24172250000001,19.9725,13.585560625,2.889375,10.326250000000002,6.995,4.36,31.616823750000005
2026-08-03T05:24:30.337Z,MCT2408021,15.500556,74.053333,48.333333333333336,375,479.3333333333333,80.24775999999999,20.01,13.774700000000001,3.65,12.753333333333332,8.733333333333334,4.46,31.990190000000002
2026-08-03T04:30:00.000Z,MCT2408052,15.444425,74.063856,26.77777777777778,160,565.8888888888889,84.52954888888888,3.9130605555555555,8,7.989999999999999,23.6,11.812222222222223,2,29.83683111111111
2026-08-03T04:40:00.000Z,MCT2408052,15.444425,74.063856,26.6875,160,624.1875,84.436935625,3.8439912499999997,8,7.775625,23.1025,11.651250000000003,2,29.729878750000005
2026-08-03T04:50:00.000Z,MCT2408052,15.444425,74.063856,26.4375,160,596.0625,85.21131999999997,3.6418860000000004,8,7.818124999999999,22.93,11.415000000000003,2,29.64474687500001
2026-08-03T05:00:00.000Z,MCT2408052,15.444425,74.063856,26.875,160,564,85.77494000000003,3.72605275,8,7.963124999999999,23.663125,11.910000000000002,2,29.783503125
2026-08-03T05:10:00.000Z,MCT2408052,15.444425,74.063856,27.9375,160,594.125,85.60280312500002,3.8262720000000003,8,8.823125000000001,25.970625,12.945625000000001,2,30.1461475
2026-08-03T05:20:00.000Z,MCT2408052,15.444425,74.063856,28.6875,160,572.9375,84.5618675,3.7984649375000004,8,9.346250000000001,27.458125,13.656875000000003,2,30.495381249999998
2026-08-03T05:24:30.339Z,MCT2408052,15.444425,74.063856,26.571428571428573,160,602.8571428571429,84.41159428571429,3.8153384285714287,8,7.884285714285713,23.497142857142855,11.834285714285715,2,30.522387142857145
2026-08-03T04:30:00.000Z,MCT2408051,15.486528,74.033889,51.125,303.84125,487.875,92.31047124999999,21.509999999999998,5.19,3.73,10.57,4.98,4.39,28.587657500000002
2026-08-03T04:40:00.000Z,MCT2408051,15.486528,74.033889,51.75,311.96187499999996,498.625,91.41926062500002,21.913124999999997,5.1899999999999995,3.7299999999999986,10.569999999999997,4.980000000000002,4.39,28.854443124999996
2026-08-03T04:50:00.000Z,MCT2408051,15.486528,74.033889,51.6875,317.54125,490.8125,90.794604375,21.869999999999997,5.1899999999999995,3.7299999999999986,10.686249999999998,5.096875000000002,4.39,29.242557500000004
2026-08-03T05:00:00.000Z,MCT2408051,15.486528,74.033889,52.25,332.19687500000003,477.0625,88.159125625,22.236250000000002,5.1899999999999995,3.7299999999999986,10.879999999999997,5.290625000000002,4.39,30.494040625
2026-08-03T05:10:00.000Z,MCT2408051,15.486528,74.033889,50.1875,287.3425000000001,484.9375,85.37821437500001,20.77125,5.1899999999999995,3.7299999999999986,10.569999999999997,4.980000000000002,4.39,31.111406875
2026-08-03T05:20:00.000Z,MCT2408051,15.486528,74.033889,49.9375,256.53125,457.25,85.62950500000002,20.346875000000004,5.1899999999999995,3.7299999999999986,10.569999999999997,4.980000000000002,4.39,30.886177500000006
2026-08-03T05:24:30.347Z,MCT2408051,15.486528,74.033889,51.25,274.81500000000005,461,86.5827025,21.604999999999997,5.19,3.73,10.57,4.98,6.885,30.901595
2026-08-03T04:30:00.000Z,MCT2408043,15.221111,74.087222,56,221.73777777777775,610.4444444444445,78.14035444444445,23.89888888888889,31.57333333333333,9.428888888888888,33.76222222222222,19.92777777777778,5.29,30.612614444444446
2026-08-03T04:40:00.000Z,MCT2408043,15.221111,74.087222,56.0625,227.92312500000003,638.875,80.0404975,23.751250000000006,31.191249999999997,9.261875000000002,30.978125000000002,17.37375,5.290000000000001,28.582293125
2026-08-03T04:50:00.000Z,MCT2408043,15.221111,74.087222,56.6,208.26666666666668,641.5333333333333,84.33203133333333,24.14133333333334,31.571333333333328,11.31466666666667,37.50933333333333,20.926666666666666,5.290000000000001,26.94367666666667
2026-08-03T05:00:00.000Z,MCT2408043,15.221111,74.087222,57,136.961875,633.6875,86.31710375,24.525,32.04625,13.455625000000001,44.336250000000014,24.66,5.290000000000001,26.66317
2026-08-03T05:10:00.000Z,MCT2408043,15.221111,74.087222,58.6875,145.66125,628.4375,86.03910812499998,24.720000000000006,31.764375000000005,17.095625000000002,55.683125000000004,30.344374999999992,5.290000000000001,27.167251875
2026-08-03T05:20:00.000Z,MCT2408043,15.221111,74.087222,58.9375,115.845,629.625,86.02384937500001,24.654999999999994,32.64062500000001,25.566875,79.02000000000001,41.55375,5.290000000000001,27.5701125
2026-08-03T05:24:30.345Z,MCT2408043,15.221111,74.087222,57.285714285714285,87.89714285714287,641.8571428571429,86.49441857142857,24.875714285714285,31.397142857142857,17.73,59.77571428571429,33.49285714285715,5.29,27.968281428571427
2026-08-03T04:30:00.000Z,MCT2408053,15.263333,74.110833,44.888888888888886,156.6241111111111,539.1111111111111,85.85282444444447,19.303333333333335,27.88888888888889,4.692222222222222,15.34,9.651111111111113,7.952222222222222,29.534147777777775
2026-08-03T04:40:00.000Z,MCT2408053,15.263333,74.110833,50.9375,218.50998750000002,530.375,85.13073375000002,24.339375,30.474375000000002,4.590000000000002,15.068750000000003,9.586875,7.777499999999999,28.8001475
2026-08-03T04:50:00.000Z,MCT2408053,15.263333,74.110833,45.125,188.53321875000003,550.625,86.70238874999998,19.316249999999997,27.200625000000006,4.590000000000002,14.948125000000005,9.445625,7.5675,28.182783124999997
2026-08-03T05:00:00.000Z,MCT2408053,15.263333,74.110833,36.5,120.151325,557.5625,88.382285625,11.896875,20.40875,5.7974999999999985,19.93125,13.041875000000001,7.1,28.018555625
2026-08-03T05:10:00.000Z,MCT2408053,15.263333,74.110833,37.8125,118.34036249999998,567.5,89.08132750000001,12.985,20.382500000000004,8.149375,27.650625000000005,17.695624999999993,6.94375,27.920020624999996
2026-08-03T05:20:00.000Z,MCT2408053,15.263333,74.110833,34.3125,135.84600625,572.5,90.14801312499998,10.139375000000001,18.815000000000005,5.3374999999999995,19.020625,12.760624999999997,6.94125,27.816793125000004
2026-08-03T05:24:30.338Z,MCT2408053,15.263333,74.110833,32.42857142857143,112.53538571428571,579,90.85734285714285,8.5,19.825714285714287,4.721428571428571,17.777142857142856,12.40857142857143,7.1485714285714295,27.86869285714286
2026-08-03T04:30:00.000Z,MCT2408050,15.553611,73.958333,28.77777777777778,86.02999999999999,451.44444444444446,78.60489999999999,12.379999999999999,4.13111111111111,5.467777777777777,19.845555555555553,11.626666666666665,3.238888888888889,33.111560000000004
2026-08-03T04:40:00.000Z,MCT2408050,15.553611,73.958333,29.0625,86.02999999999999,453.125,77.44936375,12.535625000000001,3.9650000000000003,5.83375,20.716249999999995,12.122499999999999,3.846875,33.153194375
2026-08-03T04:50:00.000Z,MCT2408050,15.553611,73.958333,28.9375,86.02999999999999,456.5625,77.09984187500001,12.480625,3.8637499999999996,5.780625000000001,21.146875,12.600624999999997,4.239375,33.069405
2026-08-03T05:00:00.000Z,MCT2408050,15.553611,73.958333,29,86.02999999999999,462,76.63587999999999,12.662499999999998,3.6068749999999996,5.40875,20.39625,12.335,4.459999999999999,33.031866875
2026-08-03T05:10:00.000Z,MCT2408050,15.553611,73.958333,28.933333333333334,86.02999999999999,472.6666666666667,77.79516533333334,12.584,3.396666666666667,5.4866666666666655,20.954000000000004,12.816666666666666,4.078666666666666,32.480687333333336
2026-08-03T05:20:00.000Z,MCT2408050,15.553611,73.958333,28.8125,86.02999999999999,474.3125,78.54084375,12.614999999999998,3.4512500000000004,5.621249999999999,20.878749999999997,12.600624999999999,3.961875,32.010972499999994
2026-08-03T05:24:30.543Z,MCT2408050,15.553611,73.958333,28.75,86.02999999999999,469.75,80.43055000000001,12.405000000000001,3.37125,5.621250000000001,21.362499999999997,12.9725,3.2225,31.526330000000005
2026-08-03T04:30:00.000Z,MCT2408034,15.356389,74.123611,50.714285714285715,202.67997857142856,431.2142857142857,73.96095857142858,23.252857142857145,6.454285714285715,6.445,21.300714285714285,11.852857142857143,2.5892857142857144,32.23457214285715
2026-08-03T04:40:00.000Z,MCT2408034,15.356389,74.123611,56.666666666666664,213.0765375,426.375,74.28698125,28.217916666666664,7.196666666666666,6.379999999999998,20.982499999999998,11.6025,2.587916666666667,31.891881250000008
2026-08-03T04:50:00.000Z,MCT2408034,15.356389,74.123611,51.791666666666664,208.27461666666667,425.7916666666667,75.54106166666668,24.1375,5.972500000000001,6.8358333333333325,23.56333333333333,13.517916666666666,1.7866666666666664,31.746196666666673
2026-08-03T05:00:00.000Z,MCT2408034,15.356389,74.123611,45.6,196.281292,426.16,74.86608919999999,18.3952,4.288399999999999,9.077599999999997,30.236000000000004,16.989199999999997,1.5019999999999998,32.227003599999996
2026-08-03T05:10:00.000Z,MCT2408034,15.356389,74.123611,41.25,182.58599166666667,426.4583333333333,72.76682291666667,15.335833333333328,3.7795833333333335,7.669999999999998,26.18083333333333,15.041666666666666,1.4854166666666666,33.03633583333333
2026-08-03T05:20:00.000Z,MCT2408034,15.356389,74.123611,40.791666666666664,187.13451666666666,429.5833333333333,71.35443208333332,15.5675,3.9512499999999995,7.974999999999999,27.432083333333335,15.744166666666665,1.6687500000000002,33.77949458333334
2026-08-03T05:24:30.557Z,MCT2408034,15.356389,74.123611,42.63636363636363,181.78496363636364,431.09090909090907,71.04162727272727,17.234545454545458,4.711818181818182,7.951818181818184,27.62090909090909,15.94,2.118181818181818,33.94703272727272
2026-08-03T04:30:00.000Z,MCT2408030,15.142519,74.075003,29.11111111111111,163,427.1111111111111,82.68916999999999,8.595555555555556,6.200000000000001,9.892222222222223,31.022222222222222,17.986666666666665,4.585555555555556,30.435053333333332
2026-08-03T04:40:00.000Z,MCT2408030,15.142519,74.075003,27.933333333333334,164.90006,420.6,81.65156933333336,8.450666666666667,6.200000000000002,9.558000000000002,28.833333333333332,16.282,4.869999999999999,30.804711333333334
2026-08-03T04:50:00.000Z,MCT2408030,15.142519,74.075003,26.6875,168.84858125,424.8125,80.802481875,8.23125,6.200000000000002,9.370000000000001,26.29,14.0225,5.171874999999999,30.73133625
2026-08-03T05:00:00.000Z,MCT2408030,15.142519,74.075003,27.3125,165.45274375,426.0625,81.62502687499999,8.17375,6.200000000000002,9.370000000000001,27.6,15.381874999999999,4.911875,30.303001249999998
2026-08-03T05:10:00.000Z,MCT2408030,15.142519,74.075003,28.266666666666666,165.06323333333333,426.3333333333333,82.10933333333334,8.322000000000003,6.200000000000002,9.870000000000001,29.56133333333333,16.59866666666667,5.007999999999999,30.011056
2026-08-03T05:20:00.000Z,MCT2408030,15.142519,74.075003,29.875,163.65985,430.8125,82.571070625,8.162500000000001,6.200000000000002,10.133125000000001,32.731875,19.405625,4.685625000000001,29.85388625
2026-08-03T05:24:30.558Z,MCT2408030,15.142519,74.075003,27.714285714285715,163.84940000000003,431.85714285714283,82.80397428571428,8.308571428571428,6.200000000000001,9.37,28.282857142857146,16.095714285714287,4.412857142857143,29.765502857142856
2026-08-03T04:30:00.000Z,MCT2408029,15.333611,74.206944,16,500.2214111111112,629.7777777777778,89.05886444444442,2.676666666666667,7.139999999999999,6.011111111111111,18.883333333333333,10.717777777777778,3.6544444444444446,30.157394444444442
2026-08-03T04:40:00.000Z,MCT2408029,15.333611,74.206944,14.4375,479.7447062500001,637.6875,87.98078874999999,3.72375,7.180625,4.5225,15.1375,8.934999999999999,3.72,30.087159375000006
2026-08-03T04:50:00.000Z,MCT2408029,15.333611,74.206944,13.25,475.35882499999997,637.9375,87.50824375,4.547499999999999,7.14,3.6774999999999998,12.42625,7.281250000000001,3.7818750000000003,29.491246874999995
2026-08-03T05:00:00.000Z,MCT2408029,15.333611,74.206944,13.3125,469.0273625,636.5,88.46048687499999,3.2518749999999996,7.14,4.156874999999999,13.6175,7.98,3.7625,29.079001875
2026-08-03T05:10:00.000Z,MCT2408029,15.333611,74.206944,13.3125,484.10909374999994,635.0625,89.01552625000002,2.1012500000000003,7.35,4.119999999999999,13.871875,8.236875000000001,3.50625,29.335061875
2026-08-03T05:20:00.000Z,MCT2408029,15.333611,74.206944,13.133333333333333,489.2488933333334,636.9333333333333,88.32830866666664,2.976666666666667,7.575333333333332,4.080666666666667,13.177999999999999,7.61,3.5,29.99032
2026-08-03T05:24:30.559Z,MCT2408029,15.333611,74.206944,13.75,478.2286875,631.625,86.9899225,2.355,7.709999999999999,4.415,14.52375,8.60375,3.5,30.288925000000003
2026-08-03T04:30:00.000Z,MCT2408023,15.499722,74.020833,38.77777777777778,175.34999999999997,493.22222222222223,84.79318555555557,11.368888888888888,17.281111111111112,9.293333333333335,31.943333333333328,21.427777777777784,5.0488888888888885,30.107343333333333
2026-08-03T04:40:00.000Z,MCT2408023,15.499722,74.020833,37.06666666666667,194.16333333333333,491.26666666666665,83.238994,10.892666666666667,18.99266666666667,7.433333333333333,27.776666666666667,19.333333333333332,4.626666666666667,31.062113999999998
2026-08-03T04:50:00.000Z,MCT2408023,15.499722,74.020833,38.875,195.75499999999997,485.5625,79.82019687500001,11.2025,16.77375,9.585,32.375,21.478125000000002,5.136874999999999,32.060576250000004
2026-08-03T05:00:00.000Z,MCT2408023,15.499722,74.020833,37.1875,203.085625,484.625,77.59575187500002,12.021250000000002,14.694374999999999,8.238750000000001,28.891875000000002,19.665625000000002,5.344999999999999,32.690673749999995
2026-08-03T05:10:00.000Z,MCT2408023,15.499722,74.020833,35.9375,230.081875,470.125,77.68444499999998,12.918750000000003,12.645625,6.89125,25.725,18.034374999999997,5.58,32.651125625
2026-08-03T05:20:00.000Z,MCT2408023,15.499722,74.020833,34.75,214.93562500000002,468.5625,77.24527750000001,12.44,15.097500000000002,6.576250000000002,23.984375,16.765624999999996,5.2175,33.217545625
2026-08-03T05:24:30.570Z,MCT2408023,15.499722,74.020833,34.42857142857143,235.25714285714284,476.14285714285717,74.69937571428571,13.677142857142858,11.629999999999999,6.700000000000001,23.882857142857144,16.364285714285717,5.598571428571428,33.77975142857143
2026-08-03T04:30:00.000Z,MCT2408027,15.275556,74.1075,24.555555555555557,1140.7833333333333,525.4444444444445,83.01468888888888,6.579999999999999,13.141111111111112,6.135555555555555,20.263333333333332,11.419999999999998,2.9499999999999997,29.920251111111114
2026-08-03T04:40:00.000Z,MCT2408027,15.275556,74.1075,25.9375,1145.6006249999998,517.3125,85.89558062499998,6.579999999999999,13.584375000000005,6.656250000000001,22.980625,13.525,2.9500000000000006,28.6292175
2026-08-03T04:50:00.000Z,MCT2408027,15.275556,74.1075,27.4375,1154.03375,533.375,88.17820062500002,6.579999999999999,13.555625000000001,7.580625,26.058750000000003,15.50125,2.9500000000000006,27.734340625
2026-08-03T05:00:00.000Z,MCT2408027,15.275556,74.1075,28.875,1147.76625,546.4375,89.30401125000002,6.579999999999999,13.191875000000001,8.753125,28.955625000000005,16.613125,2.9500000000000006,27.585529375
2026-08-03T05:10:00.000Z,MCT2408027,15.275556,74.1075,30.375,1155.09125,532.875,88.96116625,6.579999999999999,13.093750000000005,9.555625,31.850625,18.218125,2.9500000000000006,27.76651625
2026-08-03T05:20:00.000Z,MCT2408027,15.275556,74.1075,33.25,1155.4856249999998,540.3125,89.397473125,6.579999999999999,12.800625000000005,11.587500000000002,37.334999999999994,20.75,2.9500000000000006,27.818802499999997
2026-08-03T05:24:30.733Z,MCT2408027,15.275556,74.1075,31.714285714285715,1160.2228571428573,537.5714285714286,89.48950142857143,6.579999999999999,12.782857142857145,10.707142857142856,34.64142857142857,19.33857142857143,2.9499999999999997,27.896272857142858
2026-08-03T04:30:00.000Z,MCT2408049,15.475278,74.055833,56.22222222222222,150,463.6666666666667,81.56764555555554,23.845555555555553,8.471111111111108,8.262222222222224,26.72666666666667,14.917777777777777,2.61,30.222935555555562
2026-08-03T04:40:00.000Z,MCT2408049,15.475278,74.055833,56.3125,150.67026875,459.0625,81.14294499999998,23.873125,9.388125,9.344375,30.451875000000005,17.071875,2.61,30.441756874999996
2026-08-03T04:50:00.000Z,MCT2408049,15.475278,74.055833,56.1875,150,456.75,80.52448437499999,23.9075,10.520625,7.667500000000002,25.136250000000004,14.240625,2.61,30.669667500000003
2026-08-03T05:00:00.000Z,MCT2408049,15.475278,74.055833,56.625,150,455.75,79.47878374999999,24.276875,10.743749999999999,6.8518750000000015,22.12125,12.42125,2.61,31.350038125
2026-08-03T05:10:00.000Z,MCT2408049,15.475278,74.055833,56.625,150,456.6875,77.01973312499999,24.1825,11.67875,6.180625,20.444999999999997,11.796874999999998,2.61,32.29451875
2026-08-03T05:20:00.000Z,MCT2408049,15.475278,74.055833,56.3125,150,458.4375,76.75890312499999,23.939375000000005,8.980625,6.46875,21.59375,12.42,2.61,32.0625875
2026-08-03T05:24:30.754Z,MCT2408049,15.475278,74.055833,56,150,454.42857142857144,77.46339857142857,23.62142857142857,8.208571428571428,7.4471428571428575,24.732857142857142,14.25,2.61,32.00704714285714
2026-08-03T04:30:00.000Z,MCT2408040,15.528056,74.020833,19.25,100,443.625,82.502885,8.2275,4.8237499999999995,3.07,8.42,3.7825,3.5,30.60397375
2026-08-03T04:40:00.000Z,MCT2408040,15.528056,74.020833,18.9375,100,444.9375,81.46957749999999,8.220625,4.72,3.07,8.485625,3.85125,3.5,30.958571875000004
2026-08-03T04:50:00.000Z,MCT2408040,15.528056,74.020833,19.25,100,437.3125,80.10296124999999,8.418125,4.790000000000001,3.07,8.42,3.748749999999999,3.5,31.341324375
2026-08-03T05:00:00.000Z,MCT2408040,15.528056,74.020833,19.3125,100,434.6875,79.78157499999999,8.482499999999998,4.865625000000001,3.07,8.42,3.746249999999999,3.5,31.73011
2026-08-03T05:10:00.000Z,MCT2408040,15.528056,74.020833,19.375,100,438.875,79.13212250000001,8.677499999999998,4.9049999999999985,3.07,8.441875000000001,3.7556249999999984,3.5,31.905733749999996
2026-08-03T05:20:00.000Z,MCT2408040,15.528056,74.020833,19.5,100,433.6875,79.06155125,8.610624999999999,4.9262500000000005,3.07,8.42,3.742499999999999,3.5,31.848756875
2026-08-03T05:24:30.754Z,MCT2408040,15.528056,74.020833,19.285714285714285,100,433.2857142857143,79.00453285714285,8.55285714285714,4.907142857142857,3.07,8.42,3.73,3.5,31.899795714285716
2026-08-03T04:30:00.000Z,MCT2408044,15.313669,74.140042,24.555555555555557,214.29,457.1111111111111,87.02435999999999,9.848888888888888,3.4922222222222223,2.9988888888888896,8.5,5.164444444444445,5.017521111111112,29.280317777777782
2026-08-03T04:40:00.000Z,MCT2408044,15.313669,74.140042,24.4375,214.29,455.0625,85.179370625,9.826875,3.449375,2.8699999999999997,7.53125,4.35375,5.78245175,28.597041875000002
2026-08-03T04:50:00.000Z,MCT2408044,15.313669,74.140042,25,214.29,458.1875,87.58215312499999,10.296249999999999,3.32,2.8699999999999997,7.5625,4.3881250000000005,5.1659454375000005,27.970293125
2026-08-03T05:00:00.000Z,MCT2408044,15.313669,74.140042,25.25,214.29,457.125,89.04365874999999,10.600625,3.8356250000000003,2.8699999999999997,7.6875,4.523125,4.728125,27.791987500000005
2026-08-03T05:10:00.000Z,MCT2408044,15.313669,74.140042,25.666666666666668,214.29,450.8666666666667,88.93408133333332,10.758666666666668,3.4386666666666668,2.8699999999999997,7.9,4.755333333333332,4.255213466666666,28.16919866666667
2026-08-03T05:20:00.000Z,MCT2408044,15.313669,74.140042,25.375,214.29,452.1875,87.14250937499999,10.5875,3.48125,2.9062499999999996,7.65625,4.421875,4.452003125,28.719708749999995
2026-08-03T05:24:30.763Z,MCT2408044,15.313669,74.140042,25,214.29,454,86.71131142857142,10.511428571428572,3.7428571428571433,2.8700000000000006,7.5,4.32,4.204944857142857,28.977974285714282
2026-08-03T04:30:00.000Z,MCT2408046,15.529167,74.07,30.857142857142858,338.48,655.1428571428571,86.59033142857143,13.230069285714288,14.01155485714286,5,14.214285714285714,6.992481214285713,4.21,29.59773071428572
2026-08-03T04:40:00.000Z,MCT2408046,15.529167,74.07,30.96,337.91759999999994,654.04,85.63055399999999,13.357388,11.577647320000004,5.275,14.88,7.35789544,4.049599999999999,29.912099599999998
2026-08-03T04:50:00.000Z,MCT2408046,15.529167,74.07,30.8,283.9784,677.6,84.29602080000001,13.281376800000002,15.8764712,5,13.4,6.400000319999999,4.306400000000001,30.081127199999997
2026-08-03T05:00:00.000Z,MCT2408046,15.529167,74.07,30.92,257.26759999999996,663.88,84.77331559999999,13.263637600000003,14.291764640000002,5.3,14.6,7.231579159999999,4.192800000000001,30.0455208
2026-08-03T05:10:00.000Z,MCT2408046,15.529167,74.07,31.2,237.04,677.8,83.2669672,13.528473599999998,8.261176800000003,5,13.24,6.200000160000002,4.081200000000001,30.804426800000005
2026-08-03T05:20:00.000Z,MCT2408046,15.529167,74.07,31,243.88920000000002,673.72,80.88598640000001,13.3799256,12.349412280000001,5,12.24,5.357894880000001,4.3796,31.4959792
2026-08-03T05:24:30.764Z,MCT2408046,15.529167,74.07,30.90909090909091,289.3909090909091,681.6363636363636,80.71431000000001,13.24409090909091,18.39171272727273,5,12.454545454545455,5.526315999999999,4.4372727272727275,31.59043727272727
2026-08-03T04:30:00.000Z,MCT2408037,15.394444,74.118333,26,160,419.1111111111111,83.70303,11.043333333333335,143.78555555555556,6.277777777777778,24.715555555555554,13.656666666666663,4.261111111111111,29.74269
2026-08-03T04:40:00.000Z,MCT2408037,15.394444,74.118333,26,160,424.5,84.16704562499999,11.125625000000003,126.178125,5.34375,21.516250000000003,12.130625000000002,4.115,29.497950000000003
2026-08-03T04:50:00.000Z,MCT2408037,15.394444,74.118333,26.25,160.065675,423.4375,83.632988125,11.257499999999999,107.978125,4.87875,20.341875,11.615,3.91625,29.538170000000004
2026-08-03T05:00:00.000Z,MCT2408037,15.394444,74.118333,26.25,160.034725,424.625,83.56050812499998,11.269375000000002,107.21124999999999,4.46,18.399375,10.255625,3.7775,29.644078125000004
2026-08-03T05:10:00.000Z,MCT2408037,15.394444,74.118333,25.8125,160,426.4375,83.49947250000001,10.971875,118.74187500000001,5.807500000000001,23.203124999999996,13.021250000000002,3.8474999999999997,29.886733749999998
2026-08-03T05:20:00.000Z,MCT2408037,15.394444,74.118333,25.9375,160,428.625,83.12610999999998,10.988125,113.16624999999999,6.038125,23.51125,12.880625000000002,3.565625,30.2761875
2026-08-03T05:24:30.926Z,MCT2408037,15.394444,74.118333,25.714285714285715,160,426.7142857142857,82.49225857142856,10.965714285714284,113.73714285714287,5.095714285714286,21.377142857142854,12.31142857142857,3.8714285714285714,30.530047142857146
2026-08-03T04:30:00.000Z,MCT2408042,15.213889,74.071667,61.44444444444444,238.15888888888887,450.8888888888889,80.31642666666667,27.19,15.706666666666669,8.796666666666667,27.665555555555553,14.983333333333333,6.692222222222222,30.21340111111111
2026-08-03T04:40:00.000Z,MCT2408042,15.213889,74.071667,60.3125,231.47437499999995,445.6875,82.4242075,26.316250000000004,14.76625,10.92,32.433749999999996,16.743125,7.297500000000001,28.520624375
2026-08-03T04:50:00.000Z,MCT2408042,15.213889,74.071667,58.06666666666667,150.45733333333334,450.1333333333333,86.58321,24.392666666666667,16.48733333333333,8.493333333333332,27.298666666666666,15.247333333333334,4.747333333333332,27.461342000000002
2026-08-03T05:00:00.000Z,MCT2408042,15.213889,74.071667,57.875,126.78437500000001,448.3125,89.633030625,24.051250000000007,17.031875000000003,8.19,27.816250000000007,16.229375,2.9962500000000003,27.8007025
2026-08-03T05:10:00.000Z,MCT2408042,15.213889,74.071667,57.9375,117.02499999999999,456.25,89.43800312499997,24.340625,17.300625,8.986249999999998,30.32375,17.538125,2.9250000000000003,28.251827499999997
2026-08-03T05:20:00.000Z,MCT2408042,15.213889,74.071667,57.8125,126.09625000000003,459.625,88.7213175,24.18,17.458125,11.261249999999999,36.53687500000001,20.271250000000002,3.0706250000000006,28.618489999999998
2026-08-03T05:24:30.954Z,MCT2408042,15.213889,74.071667,57.5,115.21125,455.375,88.35749125,23.93625,17.862499999999997,10.01,33.28874999999999,18.905,3.1125,28.9053875
2026-08-03T04:30:00.000Z,MCT2408033,15.346944,74.007778,23.77777777777778,110.98422222222223,498.8888888888889,84.55837111111111,11.28888888888889,48.08902444444445,4.377777777777778,12.934444444444443,8.824444444444445,4.39,29.053901111111113
2026-08-03T04:40:00.000Z,MCT2408033,15.346944,74.007778,21.9375,110.20273125,504.75,84.15035624999999,9.678749999999999,42.790853125000005,4.545625,12.564375,8.200000000000001,4.39,29.79154875
2026-08-03T04:50:00.000Z,MCT2408033,15.346944,74.007778,23.4375,110,482.375,81.63551625,10.947500000000002,43.904369375,4.620625000000001,13.1075,8.67625,4.39,30.93176
2026-08-03T05:00:00.000Z,MCT2408033,15.346944,74.007778,19.875,110,477.625,79.25562187500002,8.004375000000001,42.695785,5.717500000000001,15.704375000000002,10.148125000000002,4.39,32.31864875
2026-08-03T05:10:00.000Z,MCT2408033,15.346944,74.007778,21.625,110,477.5625,76.8495025,9.3125,48.354670625000004,6.324375000000002,17.115,10.845625,4.39,33.405905624999995
2026-08-03T05:20:00.000Z,MCT2408033,15.346944,74.007778,25.25,117.0878375,488.125,73.14638500000001,12.53625,66.104105625,4.99875,13.652499999999998,8.824375,4.39,33.38981812500001
2026-08-03T05:24:30.960Z,MCT2408033,15.346944,74.007778,26,120.84835714285714,500.14285714285717,74.38003285714285,13.071428571428571,74.13296142857143,5.7128571428571435,15.898571428571428,10.42,4.39,32.39008714285715
2026-08-03T04:30:00.000Z,MCT2408041,15.224628,74.171389,32.22222222222222,427.33181111111116,475.22222222222223,86.35382111111112,13.514444444444443,9.700000000000001,8.090000000000002,22.230000000000004,10.872222222222222,7.886666666666667,29.836832222222224
2026-08-03T04:40:00.000Z,MCT2408041,15.224628,74.171389,33.6875,376.3388,468.25,84.78931750000001,13.611874999999998,9.7,11.322500000000002,32.805,16.68125,8.025,29.91488875
2026-08-03T04:50:00.000Z,MCT2408041,15.224628,74.171389,32.5,452.84954375000007,452.3125,82.717460625,13.598749999999999,9.7,8.090000000000002,20.705625,9.354375000000001,8.864375,28.54408625
2026-08-03T05:00:00.000Z,MCT2408041,15.224628,74.171389,32.125,452.8826375000001,444.1875,86.051983125,13.390625000000002,9.7,8.090000000000002,22.173750000000005,10.816875000000001,8.82875,27.2979625
2026-08-03T05:10:00.000Z,MCT2408041,15.224628,74.171389,32.375,417.37055625,446,87.50299812499999,13.553125000000001,9.7,8.090000000000002,23.743125000000006,12.383124999999998,8.3975,26.901805
2026-08-03T05:20:00.000Z,MCT2408041,15.224628,74.171389,32.8125,344.32160625,446.75,88.509125,13.540000000000001,9.7,10.614374999999999,31.944374999999994,16.731875,8.216249999999999,26.849520625000004
2026-08-03T05:24:30.954Z,MCT2408041,15.224628,74.171389,33.4,266.66664000000003,450.8,88.770814,13.989999999999998,9.7,13.91,41.31,21.516000000000002,8.108,26.955831999999997
2026-08-03T04:30:00.000Z,MCT2408024,15.148056,74.131667,40.46153846153846,214.80747692307693,456.38461538461536,77.80479076923076,17.495906923076923,9.608168923076922,6.073846153846153,22.604615384615386,13.75923076923077,2.4692307692307693,31.76414153846154
2026-08-03T04:40:00.000Z,MCT2408024,15.148056,74.131667,40.32,217.19952800000002,539.68,75.3034052,17.4397412,8.04733028,6.316,23.628400000000006,14.390000000000004,2.5044000000000004,32.19010879999999
2026-08-03T04:50:00.000Z,MCT2408024,15.148056,74.131667,40.32,221.472632,556.08,73.45709159999998,17.0230256,5.024530999999999,5.719200000000001,21.750000000000004,13.390000000000004,2.5632,32.276770000000006
2026-08-03T05:00:00.000Z,MCT2408024,15.148056,74.131667,39.833333333333336,227.58639583333334,516,73.4254925,16.591629166666667,5,5.3325000000000005,19.57291666666667,12.031666666666672,2.620416666666667,31.472259999999995
2026-08-03T05:10:00.000Z,MCT2408024,15.148056,74.131667,39.6,225.91009599999998,538.92,74.66497839999998,16.645898000000003,5,5.4,19.310000000000006,11.510000000000002,2.5971999999999995,30.704898000000004
2026-08-03T05:20:00.000Z,MCT2408024,15.148056,74.131667,39.4,222.96695200000002,570.8,75.98028600000002,16.524012799999998,5.4340548800000015,5.838799999999999,21.230000000000004,12.670000000000005,2.5808,30.3531132
2026-08-03T05:24:30.961Z,MCT2408024,15.148056,74.131667,39.18181818181818,221.37849999999997,568.2727272727273,76.64992727272728,16.354656363636366,6.034369909090909,6.540909090909091,22.534545454545455,12.989999999999998,2.5454545454545454,30.41555363636364
2026-08-03T04:30:00.000Z,MCT2408045,15.619444,73.878889,28.666666666666668,178.12,539,82.4992811111111,12.346666666666668,16.991111111111113,5.814444444444444,21.353333333333335,11.81111111111111,2.53,31.64699
2026-08-03T04:40:00.000Z,MCT2408045,15.619444,73.878889,28.8125,178.11999999999995,550.9375,81.35513875,12.58625,17.297500000000003,4.56125,17.430625000000003,9.966250000000002,2.5300000000000002,31.993544375000003
2026-08-03T04:50:00.000Z,MCT2408045,15.619444,73.878889,29,179.901875,541.8125,80.10963749999999,12.694374999999999,17.996875000000003,4.750000000000001,18.1075,10.32,2.5300000000000002,31.883613125000004
2026-08-03T05:00:00.000Z,MCT2408045,15.619444,73.878889,29.3125,181.73062499999997,544.6875,80.04097500000002,12.935625000000002,18.256875,3.901250000000001,15.720625,9.399375000000001,2.5300000000000002,31.747538749999993
2026-08-03T05:10:00.000Z,MCT2408045,15.619444,73.878889,29.1875,179.14124999999993,550.6875,79.94131562499999,12.900624999999998,18.425,4.1225000000000005,15.791875,9.15375,2.5300000000000002,31.616823750000002
2026-08-03T05:20:00.000Z,MCT2408045,15.619444,73.878889,29.3125,179.49499999999998,547.5625,80.035729375,12.872500000000002,18.065625,4.152500000000001,16.433125,9.648125,2.5300000000000002,31.478738124999992
2026-08-03T05:24:31.126Z,MCT2408045,15.619444,73.878889,29.428571428571427,178.43428571428572,544.4285714285714,80.06502,13.045714285714286,18.472857142857144,4.028571428571429,15.481428571428571,9.047142857142857,2.53,31.43708428571429
2026-08-03T04:30:00.000Z,MCT2408036,15.171567,74.067106,36.833333333333336,120,415.6666666666667,81.94276166666667,11.295000000000002,8.493333333333334,3.3333333333333335,13.170000000000002,8.444999999999999,11.436666666666667,31.042806666666664
2026-08-03T04:40:00.000Z,MCT2408036,15.171567,74.067106,38.266666666666666,120,409.8666666666667,79.310872,11.612666666666666,8.568666666666667,3.3673333333333337,12.663333333333332,7.971333333333334,12.335999999999997,31.413182666666664
2026-08-03T04:50:00.000Z,MCT2408036,15.171567,74.067106,37.9375,120,409.0625,77.75167812500001,12.771250000000004,8.853750000000002,3.6837500000000003,12.5375,7.409375,12.249374999999999,30.603975000000002
2026-08-03T05:00:00.000Z,MCT2408036,15.171567,74.067106,38.0625,120,401.5,82.29212249999999,12.3025,8.776874999999999,5.132499999999999,17.729999999999997,10.702499999999997,12.19375,29.607881875
2026-08-03T05:10:00.000Z,MCT2408036,15.171567,74.067106,37.266666666666666,120,415.6666666666667,84.46071466666668,12.203999999999997,8.723333333333334,4.807333333333333,16.210666666666665,9.659999999999998,11.781333333333334,29.317495333333333
2026-08-03T05:20:00.000Z,MCT2408036,15.171567,74.067106,36.6875,120,418.625,85.63904125,11.628125,8.79125,4.440625000000001,15.324375,9.309375,11.350000000000001,29.330368749999998
2026-08-03T05:24:31.158Z,MCT2408036,15.171567,74.067106,36.142857142857146,120,426.42857142857144,85.91131571428572,11.570000000000002,8.321428571428571,4.2857142857142865,14.981428571428571,9.192857142857141,11.12142857142857,29.492780000000003
2026-08-03T04:30:00.000Z,MCT2408022,15.475833,74.038889,41.666666666666664,150,435.77777777777777,83.57248222222222,5.45888888888889,10.711067777777778,16.333333333333332,53.111111111111114,29.666666666666668,4.265814777777778,29.66999777777778
2026-08-03T04:40:00.000Z,MCT2408022,15.475833,74.038889,40.625,150,438.5,83.31589125,5.433750000000001,10.779681874999998,15.4375,50,27.8125,4.263947562499999,29.906173125000002
2026-08-03T04:50:00.000Z,MCT2408022,15.475833,74.038889,35.625,150,442.25,83.32686000000001,5.1987499999999995,10.9377525,12.5,39.75,21.6875,4.255946125,30.225245625
2026-08-03T05:00:00.000Z,MCT2408022,15.475833,74.038889,30.133333333333333,150,449.46666666666664,82.13374733333332,4.680000000000001,11.23534133333333,8.666666666666666,28.933333333333334,16.8,4.230550933333333,31.165790666666673
2026-08-03T05:10:00.000Z,MCT2408022,15.475833,74.038889,28.75,150,456.4375,79.06393375,5.210625,10.991905625000001,7.5625,25.875,15.1875,4.287251250000001,31.847415625
2026-08-03T05:20:00.000Z,MCT2408022,15.475833,74.038889,31,150,455.8125,80.189269375,5.483750000000001,10.827181874999999,9.125,30.625,17.6875,4.283997249999999,31.54376
2026-08-03T05:24:31.158Z,MCT2408022,15.475833,74.038889,31.857142857142858,150,453,80.90534428571429,5.402857142857143,10.901462857142857,9.714285714285714,32.285714285714285,18.571428571428573,4.314264857142857,31.37273428571429
2026-08-03T04:30:00.000Z,MCT2408031,15.290833,74.149167,20.11111111111111,168.8278777777778,502.6666666666667,84.37102555555556,7.965230888888889,6,8.042222222222222,21.883333333333336,12.327777777777776,5.3966666666666665,29.80108
2026-08-03T04:40:00.000Z,MCT2408031,15.290833,74.149167,19.6,195.1565,506.06666666666666,83.36869266666666,8.246480533333333,6.3010715333333325,6.221333333333332,16.928,9.55533333333333,6.7573333333333325,29.132312666666667
2026-08-03T04:50:00.000Z,MCT2408031,15.290833,74.149167,19.5,189.0181625,511.0625,84.73114374999999,8.099398,6.2079506250000005,6.1899999999999995,16.903750000000002,9.582500000000001,6.743125,28.24043
2026-08-03T05:00:00.000Z,MCT2408031,15.290833,74.149167,18.625,178.27717499999997,512,85.42017249999999,7.77092975,7.162995062499999,6.87625,18.207499999999996,10.0575,5.721249999999999,28.042016874999995
2026-08-03T05:10:00.000Z,MCT2408031,15.290833,74.149167,18.25,178.4407625,507.625,85.179846875,7.607553562500001,7.9834239999999985,6.100624999999999,16.33125,9.077499999999999,5.428125,28.109718750000006
2026-08-03T05:20:00.000Z,MCT2408031,15.290833,74.149167,21.1875,175.66851249999996,504.375,85.2709225,7.477301437500001,8.2562431875,9.405625,24.484374999999996,13.274375,5.501875,28.00649
2026-08-03T05:24:31.160Z,MCT2408031,15.290833,74.149167,17.75,165.59699999999998,509.125,85.81499499999998,7.429001125,6.53207525,6.3100000000000005,17.12125,9.5825,5.433750000000001,27.737692500000005
2026-08-03T04:30:00.000Z,MCT2408032,15.525556,73.828611,35.357142857142854,179.4857142857143,702.2142857142857,77.0339707142857,15.072857142857146,43.4,7.120000000000002,18.388571428571428,8.390714285714285,2.876428571428572,31.858428571428572
2026-08-03T04:40:00.000Z,MCT2408032,15.525556,73.828611,35.12,182.91520000000003,704.2,75.83593679999998,14.952,44.9644,7.120000000000002,17.921999999999997,7.9284000000000034,3.1828000000000003,32.3256752
2026-08-03T04:50:00.000Z,MCT2408032,15.525556,73.828611,35.52,178.92999999999995,708.64,75.25488320000001,15.170000000000002,44.0972,7.120000000000002,18.149200000000004,8.154000000000002,3.3199999999999994,32.704483200000006
2026-08-03T05:00:00.000Z,MCT2408032,15.525556,73.828611,35.4,183.99399999999997,683.28,74.5578608,15.120400000000002,45.3344,7.120000000000002,18.604,8.606000000000002,3.862799999999999,32.889813200000006
2026-08-03T05:10:00.000Z,MCT2408032,15.525556,73.828611,36.12,179.43679999999998,722.84,74.72143599999998,15.738800000000001,44.176,7.176800000000002,20.4808,10.3632,4.3616,32.70062240000001
2026-08-03T05:20:00.000Z,MCT2408032,15.525556,73.828611,36.52173913043478,181.56913043478258,740.304347826087,75.88795043478262,16.136956521739133,45.51521739130435,7.120000000000002,20.343913043478263,10.341304347826087,4.206086956521739,32.33293130434782
2026-08-03T05:24:31.159Z,MCT2408032,15.525556,73.828611,35.3,178.93000000000004,676.7,74.41458300000001,15.026,45.10699999999999,7.545999999999999,24.323,13.447999999999999,3.137,32.69804800000001
2026-08-03T04:30:00.000Z,MCT2408035,15.236111,74.125,54.44444444444444,190,530.4444444444445,80.90049888888888,25.51256777777778,75.88977555555554,3.8000000000000003,10.19,4.91,3.829999999999999,31.645796666666666
2026-08-03T04:40:00.000Z,MCT2408035,15.236111,74.125,56.125,198.52487499999998,558.375,79.0205425,26.86360875,85.43977499999998,3.799999999999999,10.402499999999998,5.120624999999998,3.8299999999999987,30.679720624999998
2026-08-03T04:50:00.000Z,MCT2408035,15.236111,74.125,57.875,206.70223125,568.5625,80.98177375,28.14941625,90.75948249999998,3.799999999999999,10.19,4.909999999999998,3.8299999999999987,28.713006874999998
2026-08-03T05:00:00.000Z,MCT2408035,15.236111,74.125,52.9375,190,565.4375,84.096950625,24.053665,78.77246312499999,3.799999999999999,10.896249999999998,5.615,3.8299999999999987,27.87779
2026-08-03T05:10:00.000Z,MCT2408035,15.236111,74.125,51.3125,190,567.4375,85.38727187500002,22.752743750000004,73.09782562500001,3.799999999999999,10.354999999999999,5.073124999999999,3.8299999999999987,27.775230625
2026-08-03T05:20:00.000Z,MCT2408035,15.236111,74.125,48.4375,190,561.3125,85.82691500000001,20.170665,66.21977687499998,3.9899999999999998,11.839374999999999,6.273124999999999,3.8299999999999987,27.920690624999995
2026-08-03T05:24:31.323Z,MCT2408035,15.236111,74.125,45.42857142857143,190,549.2857142857143,86.32984285714285,17.797351428571428,60.476612857142854,4.397142857142857,13.852857142857143,7.6,3.829999999999999,27.98207142857143
2026-08-03T04:30:00.000Z,MCT2408039,15.163611,74.110833,29,198.61,447.55555555555554,83.603,10.067777777777778,10.299999999999999,9.019999999999998,28.940000000000005,11.760000000000002,2.3000000000000003,30.10615333333333
2026-08-03T04:40:00.000Z,MCT2408039,15.163611,74.110833,29,283.03749999999997,440.625,82.89961187499999,8.796249999999999,10.3,9.019999999999998,28.94,11.759999999999998,2.3,30.500745625000004
2026-08-03T04:50:00.000Z,MCT2408039,15.163611,74.110833,29,291.91875,438.125,79.92414874999999,5.862499999999998,10.3,9.019999999999998,28.94,11.759999999999998,2.3,30.449130000000007
2026-08-03T05:00:00.000Z,MCT2408039,15.163611,74.110833,29,341.276,420.26666666666665,79.68522,3.340666666666667,10.3,9.019999999999998,28.94,11.759999999999998,2.3,29.474086000000003
2026-08-03T05:10:00.000Z,MCT2408039,15.163611,74.110833,29,299.3775,432.25,81.23163625,6.330625000000001,10.3,9.019999999999998,28.94,11.759999999999998,2.3,28.826290625
2026-08-03T05:20:00.000Z,MCT2408039,15.163611,74.110833,29,261.36375000000004,435.3125,82.920115625,9.649999999999999,10.3,9.019999999999998,28.94,11.759999999999998,2.3,28.662729375
2026-08-03T05:24:31.353Z,MCT2408039,15.163611,74.110833,29,258.39374999999995,442.125,83.47944374999999,10.07875,10.299999999999999,9.019999999999998,28.94,11.760000000000002,2.3000000000000003,28.7726625
2026-08-03T04:30:00.000Z,MCT2408038,15.188889,74.055556,35.666666666666664,341.5855555555556,462.8888888888889,81.38199999999999,15.380000000000003,13.33,6.921111111111112,21.647777777777776,11.634444444444446,4.794444444444445,31.34311333333333
2026-08-03T04:40:00.000Z,MCT2408038,15.188889,74.055556,35.625,349.26312499999995,463.875,80.42578062499999,15.395625000000004,13.330000000000005,6.513750000000002,19.13625,9.687499999999998,4.881875,30.795685000000002
2026-08-03T04:50:00.000Z,MCT2408038,15.188889,74.055556,36.875,291.13000000000005,481.8125,80.773395,15.860624999999999,13.330000000000005,11.546249999999997,33.2375,16.63625,4.9556249999999995,29.776803124999997
2026-08-03T05:00:00.000Z,MCT2408038,15.188889,74.055556,36.0625,307.6675,476.375,83.71929562499999,15.288125000000003,13.330000000000005,11.46,33.674375000000005,17.121250000000003,4.898750000000001,29.232500625000004
2026-08-03T05:10:00.000Z,MCT2408038,15.188889,74.055556,42.3125,243.01374999999996,478.1875,85.21370375,14.904999999999998,13.330000000000005,17.848749999999995,51.38,25.662499999999998,4.735625000000001,29.138658124999992
2026-08-03T05:20:00.000Z,MCT2408038,15.188889,74.055556,42.0625,234.68999999999997,438.5,86.18311312499999,14.83625,13.330000000000005,17.576874999999998,51.316874999999996,25.938749999999995,4.734375,29.241885625
2026-08-03T05:24:31.359Z,MCT2408038,15.188889,74.055556,65.85714285714286,234.12857142857143,424.42857142857144,86.44646428571427,14.624285714285715,13.33,32.03285714285714,98.6942857142857,52.59428571428572,4.751428571428571,29.336497142857137
2026-08-03T08:00:00.000Z,MCT2408028,15.186944,74.096667,39.35294117647059,592.1635294117647,442.29411764705884,87.16163999999999,16.671176470588232,12.432941176470589,10.636470588235296,37.315294117647056,22.04705882352941,0.6429411764705882,30.103838823529408
2026-08-03T08:10:00.000Z,MCT2408028,15.186944,74.096667,41.64,606.7775999999999,443.24,86.78015200000002,16.519199999999998,12.852799999999997,13.184800000000003,46.534800000000004,27.597600000000003,0.7011999999999999,30.043375199999996
2026-08-03T08:20:00.000Z,MCT2408028,15.186944,74.096667,42,621.716,442.92,86.14782719999998,16.679199999999994,12.803199999999999,13.743200000000003,49.040400000000005,29.346400000000013,0.8492000000000001,30.115447200000002
2026-08-03T08:30:00.000Z,MCT2408028,15.186944,74.096667,39.875,627.3441666666668,440.125,85.60486791666669,16.63,12.89,10.863333333333337,39.482916666666654,24.02625,0.7237499999999999,30.11195958333334
2026-08-03T08:40:00.000Z,MCT2408028,15.186944,74.096667,38.64,611.0208,441.44,87.8708496,16.144800000000004,12.8776,8.710000000000003,32.416399999999996,20.0816,0.34080000000000005,29.53285839999999
2026-08-03T08:50:00.000Z,MCT2408028,15.186944,74.096667,39.24,611.8040000000001,445.16,90.0089112,16.477999999999998,13.2172,9.308800000000003,34.882000000000005,21.553599999999996,0.3772,29.2020952
2026-08-03T08:53:22.652Z,MCT2408028,15.186944,74.096667,39.666666666666664,642.7466666666667,448.3333333333333,89.5971611111111,16.85666666666667,13.32,7.87888888888889,29.055555555555557,17.782222222222217,0.7777777777777779,29.327984444444446
2026-08-03T08:00:00.000Z,MCT2408020,15.543475,74.039433,23.363636363636363,180,603.8181818181819,83.0766490909091,9.042674636363637,18.389214545454543,6.663636363636365,23.80909090909091,14.024545454545455,3.6599999999999993,30.487705454545452
2026-08-03T08:10:00.000Z,MCT2408020,15.543475,74.039433,23.0625,180,606.625,83.09940687500001,9.028948687500002,18.32684625,6.145624999999999,22.892500000000005,13.881875,3.6599999999999984,30.632800624999998
2026-08-03T08:20:00.000Z,MCT2408020,15.543475,74.039433,22.5,180,596.75,81.631225,9.53911825,18.460816875,5.742499999999998,21.726875,13.126250000000002,3.6599999999999984,30.773566875000004
2026-08-03T08:30:00.000Z,MCT2408020,15.543475,74.039433,22.625,180,596.25,81.4023425,9.1960576875,18.490521875,5.91625,21.901875,13.12625,3.6599999999999984,30.87009
2026-08-03T08:40:00.000Z,MCT2408020,15.543475,74.039433,22.375,180,600.75,80.526393125,9.6348315,18.554981874999996,5.684999999999999,20.61875,12.080000000000002,3.6599999999999984,31.002812499999997
2026-08-03T08:50:00.000Z,MCT2408020,15.543475,74.039433,22.375,180,596.125,78.810733125,9.7521325,18.984075625000003,5.5699999999999985,19.163749999999997,10.743125000000001,3.6599999999999984,30.88282625
2026-08-03T08:53:22.653Z,MCT2408020,15.543475,74.039433,22.2,180,597.2,79.671996,9.7636286,19.07937,5.57,19.012,10.591999999999999,3.66,30.640977999999997
2026-08-03T08:00:00.000Z,MCT2408056,15.579167,73.920833,25.818181818181817,180,629.0909090909091,83.51152454545455,7.072727272727272,10.012590545454545,6.740909090909091,25.582727272727276,16.784545454545455,1.95,30.523780909090906
2026-08-03T08:10:00.000Z,MCT2408056,15.579167,73.920833,25.8125,180,621.9375,84.10505562500002,8.175625,41.990600125,6.980624999999998,25.386874999999996,16.16625,3.2887500000000003,30.45315125000001
2026-08-03T08:20:00.000Z,MCT2408056,15.579167,73.920833,24.1875,180,612.5625,84.993880625,7.22375,11.021860562499999,6.393749999999999,23.56625,15.055000000000001,2.0081249999999997,30.669665
2026-08-03T08:30:00.000Z,MCT2408056,15.579167,73.920833,25.866666666666667,180,604.2666666666667,83.99582933333333,7.1946666666666665,25.764317466666668,6.945999999999998,25.863999999999997,16.808000000000003,2.2506666666666666,31.338106000000003
2026-08-03T08:40:00.000Z,MCT2408056,15.579167,73.920833,24.4375,180.05311875,614,81.24403249999999,6.97875,20.596537062499998,6.393749999999999,23.907500000000002,15.406875000000001,2.5837499999999993,31.705306249999992
2026-08-03T08:50:00.000Z,MCT2408056,15.579167,73.920833,24.1875,180,602.75,79.33382312499998,6.995,22.7984151875,6.1587499999999995,23.281875000000003,15.054375000000002,3.505625,31.895677499999994
2026-08-03T08:53:22.709Z,MCT2408056,15.579167,73.920833,24.5,180,598.6666666666666,78.58709666666665,6.405000000000001,44.132636999999995,5.786666666666666,23.376666666666665,15.463333333333333,4.71,31.94908
2026-08-03T08:00:00.000Z,MCT2408057,15.272222,74.104722,29.11764705882353,306.2070588235294,452.05882352941177,81.52531117647061,12.557058823529413,8.69,4.557058823529411,15.731764705882354,9.411176470588238,2.5564705882352943,30.940394705882355
2026-08-03T08:10:00.000Z,MCT2408057,15.272222,74.104722,29.04,315.50239999999997,456,82.12744119999999,12.6396,8.715200000000003,4.482399999999999,15.607199999999999,9.454000000000002,2.668800000000001,30.7632424
2026-08-03T08:20:00.000Z,MCT2408057,15.272222,74.104722,29,315.35409090909087,460.77272727272725,82.31613681818179,12.635000000000002,8.781818181818181,5.309090909090909,17.78545454545455,10.390454545454547,2.425909090909091,30.748031818181815
2026-08-03T08:30:00.000Z,MCT2408057,15.272222,74.104722,29,332.9696,457.88,82.2162468,12.704800000000002,8.654399999999999,4.1968,15.107999999999995,9.256800000000002,2.4348,30.70232360000001
2026-08-03T08:40:00.000Z,MCT2408057,15.272222,74.104722,29.083333333333332,337.5741666666666,453.625,82.44470958333332,12.759166666666665,8.634166666666667,4.1475,14.772083333333335,8.94791666666667,2.4449999999999994,30.678604166666673
2026-08-03T08:50:00.000Z,MCT2408057,15.272222,74.104722,29.4,337.3952,459.16,80.94671679999999,12.966399999999995,8.700399999999998,4.148000000000001,14.678399999999996,8.901200000000003,2.9196000000000004,30.208541199999996
2026-08-03T08:53:22.710Z,MCT2408057,15.272222,74.104722,28.666666666666668,312.2377777777778,459.3333333333333,83.14099777777777,12.512222222222222,8.853333333333332,4.568888888888889,15.893333333333333,9.534444444444443,2.8422222222222224,30.022735555555553
2026-08-03T08:00:00.000Z,MCT2408055,15.585833,73.885556,19.7,100.205,661.4,85.584778,8.185999999999998,22.656488000000003,6.220000000000001,20.46,12.542,1.483,29.713256
2026-08-03T08:10:00.000Z,MCT2408055,15.585833,73.885556,19.875,98.465625,662.1875,85.91226874999998,8.130625,25.199189375,6.246875000000002,20.8875,12.950625,1.41,29.741274375
2026-08-03T08:20:00.000Z,MCT2408055,15.585833,73.885556,20.375,95.716875,664.4375,85.87412375,8.184375000000001,22.788645000000002,6.377500000000001,21.298750000000002,13.248124999999998,1.1206249999999998,29.981250625
2026-08-03T08:30:00.000Z,MCT2408055,15.585833,73.885556,19.875,95.72500000000001,661.9375,84.02971625,8.18375,21.251192500000002,5.941875000000001,20.311874999999997,12.780625000000002,1.0587499999999996,30.531578125
2026-08-03T08:40:00.000Z,MCT2408055,15.585833,73.885556,19.142857142857142,103.3142857142857,660,81.23286214285714,7.972857142857143,21.19547214285714,5.44357142857143,18.70214285714286,11.880714285714287,1.4150000000000003,30.98892642857143
2026-08-03T08:50:00.000Z,MCT2408055,15.585833,73.885556,18.933333333333334,107.50066666666666,660.8666666666667,79.35868333333335,7.7733333333333325,24.091601333333333,4.851333333333334,17.237333333333332,11.088666666666667,1.7006666666666665,31.515426666666663
2026-08-03T08:53:22.767Z,MCT2408055,15.585833,73.885556,18.6,109.576,660.6,79.040286,7.792,22.965646,4.898000000000001,16.711999999999996,10.496,1.802,31.621246000000003
2026-08-03T08:00:00.000Z,MCT2408053,15.263333,74.110833,45.45454545454545,174.6898,518.6363636363636,84.40139,20.744545454545456,28.145454545454548,4.590000000000001,14.583636363636366,9.022727272727273,7.28090909090909,30.302452727272726
2026-08-03T08:10:00.000Z,MCT2408053,15.263333,74.110833,46.9375,161.12753125000003,523.9375,85.629981875,21.916249999999994,28.495625000000004,4.877500000000001,15.616875000000004,9.72875,7.0531250000000005,30.048281875
2026-08-03T08:20:00.000Z,MCT2408053,15.263333,74.110833,46.5625,169.332775,542.625,85.43161749999999,21.54375,26.902499999999996,4.590000000000002,15.738125,10.363125,6.716875,29.880699375000003
2026-08-03T08:30:00.000Z,MCT2408053,15.263333,74.110833,43.875,190.57925000000003,542.875,86.082024375,19.41,25.663124999999994,4.590000000000002,14.401250000000005,8.81375,6.90375,29.864611249999996
2026-08-03T08:40:00.000Z,MCT2408053,15.263333,74.110833,44.8125,182.33108124999998,546.5,86.53597250000001,20.183750000000003,26.029374999999995,4.590000000000002,15.191875000000003,9.728125,6.6525,29.808976875000003
2026-08-03T08:50:00.000Z,MCT2408053,15.263333,74.110833,41.9375,150.76083749999998,542.9375,87.7614425,17.764374999999998,25.396874999999994,5.508750000000001,19.324375000000003,12.760625000000001,6.7318750000000005,29.6413975
2026-08-03T08:53:22.911Z,MCT2408053,15.263333,74.110833,46.2,192.52252000000001,580.6,87.418884,21.375999999999998,26.188,4.59,15.166,9.7,6.728,29.527712
2026-08-03T08:00:00.000Z,MCT2408052,15.444425,74.063856,25.9,160,588.5,86.67578200000001,3.7310877,8,7.156999999999999,21.548,10.943,2,29.476232
2026-08-03T08:10:00.000Z,MCT2408052,15.444425,74.063856,26.3125,160,565.4375,86.39196875000002,3.596535125000001,8,7.60875,22.520624999999995,11.305625000000001,2,29.583750625
2026-08-03T08:20:00.000Z,MCT2408052,15.444425,74.063856,26.0625,160,565.125,86.602253125,3.7217544375000005,8,7.273749999999999,21.808749999999996,11.025624999999998,2,29.68161625
2026-08-03T08:30:00.000Z,MCT2408052,15.444425,74.063856,26.625,160,587.8125,86.30852062500001,3.6403947500000005,8,7.816874999999999,23.231250000000003,11.6725,2,29.804283749999996
2026-08-03T08:40:00.000Z,MCT2408052,15.444425,74.063856,25.9375,160,577.5625,84.35539625,3.912850937500001,8,7.209374999999998,21.485000000000003,10.853124999999999,2,29.648770624999997
2026-08-03T08:50:00.000Z,MCT2408052,15.444425,74.063856,25.375,160,556.25,84.169906875,3.8529386875000005,8,6.981249999999998,20.839375,10.529999999999998,2,29.34444625
2026-08-03T08:53:22.913Z,MCT2408052,15.444425,74.063856,26,160,597.6,84.878294,3.7875088,8,7.356,21.860000000000003,10.976000000000003,2,29.220972
2026-08-03T08:00:00.000Z,MCT2408021,15.500556,74.053333,49,375,491.8181818181818,86.04101545454547,20.65818181818182,14.97491090909091,4.588181818181817,16.08727272727273,11.12636363636364,4.312727272727273,29.41324454545455
2026-08-03T08:10:00.000Z,MCT2408021,15.500556,74.053333,49.1875,375,490.75,85.33386625,20.836875000000003,15.125979999999998,8.480624999999998,26.548125,16.815,4.33,29.733900000000002
2026-08-03T08:20:00.000Z,MCT2408021,15.500556,74.053333,49.0625,375,492.0625,84.519904375,20.81125,15.044296250000002,5.772500000000001,18.505625000000002,11.993750000000002,4.301874999999999,30.021468750000004
2026-08-03T08:30:00.000Z,MCT2408021,15.500556,74.053333,49.06666666666667,375,487.46666666666664,84.613302,20.784,14.932560000000002,4.982666666666666,16.173333333333332,10.635333333333334,4.327333333333333,29.955285999999994
2026-08-03T08:40:00.000Z,MCT2408021,15.500556,74.053333,48.875,375,493,83.35213187499998,20.593125,14.8661,5.1475,18.2325,12.559999999999999,4.41,30.063700000000004
2026-08-03T08:50:00.000Z,MCT2408021,15.500556,74.053333,48.9375,375,492.625,81.48436,20.625,14.520846874999997,3.3337499999999993,11.928749999999999,8.215,4.394375,30.044259375
2026-08-03T08:53:22.964Z,MCT2408021,15.500556,74.053333,48.833333333333336,375,488.8333333333333,81.75202666666667,20.445000000000004,14.730455,3.4116666666666666,12.026666666666666,8.253333333333332,4.4383333333333335,29.959576666666663
2026-08-03T08:00:00.000Z,MCT2408043,15.221111,74.087222,56.6,211.58499999999998,619.8,77.193968,24.099999999999998,32.836,8.74,36.05,23.188000000000002,5.29,31.634118
2026-08-03T08:10:00.000Z,MCT2408043,15.221111,74.087222,56.375,217.230625,620.4375,77.79221,24.058125,32.00749999999999,8.55125,35.485,22.9,5.290000000000001,31.331940624999994
2026-08-03T08:20:00.000Z,MCT2408043,15.221111,74.087222,56.5625,210.37375,616.375,79.15548625,24.104374999999997,32.0075,9.025625,37.015,23.859999999999996,5.290000000000001,30.978011875
2026-08-03T08:30:00.000Z,MCT2408043,15.221111,74.087222,56.86666666666667,198.0926666666667,633.3333333333334,80.10585466666667,24.220000000000006,32.11866666666666,9.710666666666667,38.109333333333325,23.99866666666666,5.290000000000001,30.748228666666666
2026-08-03T08:40:00.000Z,MCT2408043,15.221111,74.087222,56.875,194.07687500000003,629.5,80.41815125,24.197500000000005,31.706874999999993,10.528750000000002,38.624375,23.299999999999997,5.290000000000001,30.421648125
2026-08-03T08:50:00.000Z,MCT2408043,15.221111,74.087222,57,188.52874999999997,642.3125,82.356018125,24.2725,31.985624999999995,11.001875,41.84312500000001,25.941249999999997,5.290000000000001,30.2312775
2026-08-03T08:53:22.965Z,MCT2408043,15.221111,74.087222,57,161.5,643.8,82.62915000000001,24.46,31.746000000000002,13.678,48.408,28.438,5.29,30.32137
2026-08-03T08:00:00.000Z,MCT2408051,15.486528,74.033889,51.4,351.52299999999997,468.5,93.868774,21.681,5.1899999999999995,3.7299999999999995,10.569999999999999,4.980000000000001,4.39,28.306124
2026-08-03T08:10:00.000Z,MCT2408051,15.486528,74.033889,51.4375,345.87375,485.5,93.55024749999997,21.716250000000002,5.1899999999999995,3.7299999999999986,10.569999999999997,4.980000000000002,4.39,28.419406875
2026-08-03T08:20:00.000Z,MCT2408051,15.486528,74.033889,51.5625,360.4937499999999,484,93.04527562500002,21.786875,5.1899999999999995,3.7299999999999986,10.569999999999997,4.980000000000002,4.39,28.702950000000005
2026-08-03T08:30:00.000Z,MCT2408051,15.486528,74.033889,51.25,349.528125,502.625,92.1354725,21.583750000000002,5.1899999999999995,3.7299999999999986,10.569999999999997,4.980000000000002,4.39,28.883939375000004
2026-08-03T08:40:00.000Z,MCT2408051,15.486528,74.033889,50.5625,340.02937499999996,504,91.63240875000001,21.15625,5.1899999999999995,3.7299999999999986,10.569999999999997,4.980000000000002,4.39,28.715015625
2026-08-03T08:50:00.000Z,MCT2408051,15.486528,74.033889,50.9375,341.3875,507.5,91.71060937500003,21.390000000000004,5.1899999999999995,3.7299999999999986,10.569999999999997,4.980000000000002,4.39,28.465658750000003
2026-08-03T08:53:23.024Z,MCT2408051,15.486528,74.033889,51.2,355.816,498.8,91.471618,21.567999999999998,5.19,3.7299999999999995,10.57,4.98,4.39,28.549581999999997
2026-08-03T08:00:00.000Z,MCT2408050,15.553611,73.958333,28,86.02999999999999,487.72727272727275,84.79742454545455,11.729090909090907,4.1018181818181825,5.630909090909092,21.779090909090908,13.610000000000001,1.9563636363636363,30.380452727272733
2026-08-03T08:10:00.000Z,MCT2408050,15.553611,73.958333,28.125,86.02999999999999,464.75,84.27290312499998,11.786250000000003,4.025625000000001,6.099374999999999,23.024375,14.141250000000001,2.215625,30.872772500000004
2026-08-03T08:20:00.000Z,MCT2408050,15.553611,73.958333,28.133333333333333,86.02999999999999,460.1333333333333,83.07013,11.860000000000003,4.157333333333334,6.222666666666668,23.30066666666666,14.289999999999997,2.2266666666666666,31.324523999999997
2026-08-03T08:30:00.000Z,MCT2408050,15.553611,73.958333,28.53846153846154,86.02999999999999,468.9230769230769,81.06489000000002,12.28,4.046153846153847,5.613076923076923,21.601538461538464,13.34846153846154,2.544615384615385,31.557887692307688
2026-08-03T08:40:00.000Z,MCT2408050,15.553611,73.958333,28.625,86.04937499999998,486.0625,79.66665687499999,12.2875,3.9662499999999996,5.196249999999998,19.750625000000003,12.01625,3.4262499999999996,31.251503749999998
2026-08-03T08:50:00.000Z,MCT2408050,15.553611,73.958333,28.5,86.02999999999999,466.5,80.62939187500001,12.215,4.008749999999999,5.143125,20.287499999999998,12.5475,3.246875,31.246811875
2026-08-03T08:53:23.168Z,MCT2408050,15.553611,73.958333,28.4,86.03,476.2,80.109926,12.25,3.9159999999999995,5.6,21.642,13.270000000000001,3.4619999999999997,31.419618000000003
2026-08-03T08:00:00.000Z,MCT2408034,15.356389,74.123611,57.375,222.11085624999998,434.3125,77.977221875,17.569374999999997,3.376875,22.215000000000007,70.86437500000002,38.150625000000005,1.5212499999999995,31.313842500000007
2026-08-03T08:10:00.000Z,MCT2408034,15.356389,74.123611,46.24,185.01619199999996,432.48,78.44458,17.699199999999998,3.2128,11.4836,38.3388,21.4912,1.1663999999999997,31.528583599999997
2026-08-03T08:20:00.000Z,MCT2408034,15.356389,74.123611,44.68,180.8658,434.12,78.29260279999998,16.068399999999993,2.3592,13.925999999999997,45.24,24.6428,1.1143999999999996,31.873934
2026-08-03T08:30:00.000Z,MCT2408034,15.356389,74.123611,42.125,184.9524125,431.7916666666667,77.85753625000001,16.283749999999998,2.579166666666667,9.569166666666664,32.66833333333334,18.597083333333334,1.2791666666666666,32.10370166666667
2026-08-03T08:40:00.000Z,MCT2408034,15.356389,74.123611,45.8,186.176808,435,76.55249119999999,19.842,3.116399999999999,6.889999999999999,24.422000000000004,14.3264,1.5556000000000003,31.8760792
2026-08-03T08:50:00.000Z,MCT2408034,15.356389,74.123611,43.4,184.96745599999997,435.16,75.506958,17.973999999999993,3.3831999999999995,7.473599999999997,25.996400000000005,15.0384,1.692,31.921982400000005
2026-08-03T08:53:23.168Z,MCT2408034,15.356389,74.123611,46.375,186.31756249999998,429.625,74.80673250000001,20.346249999999998,3.8612499999999996,6.380000000000001,22.509999999999994,13.12625,1.58375,32.11621375
2026-08-03T08:00:00.000Z,MCT2408030,15.142519,74.075003,28.8,163,428.9,83.735412,8.576,6.200000000000001,9.652000000000001,30.655999999999995,17.985,3.595,29.581338
2026-08-03T08:10:00.000Z,MCT2408030,15.142519,74.075003,28.5,163,424,83.57195187500001,8.5175,6.200000000000002,9.42875,29.711249999999996,17.455,3.8887499999999995,29.659494374999998
2026-08-03T08:20:00.000Z,MCT2408030,15.142519,74.075003,28.6875,163.08708124999998,422.625,82.901041875,8.52125,6.200000000000002,9.605,30.166249999999998,17.690624999999997,4.341875,29.839139999999997
2026-08-03T08:30:00.000Z,MCT2408030,15.142519,74.075003,29.733333333333334,163,427.8,82.61389066666668,8.641333333333336,6.200000000000002,9.995333333333337,32.482,19.375333333333334,4.178,29.938124000000002
2026-08-03T08:40:00.000Z,MCT2408030,15.142519,74.075003,28,163.0416875,428.9375,82.35649437499998,8.68625,6.200000000000002,9.370000000000001,28.966874999999995,16.803125,4.274374999999999,29.981250625000005
2026-08-03T08:50:00.000Z,MCT2408030,15.142519,74.075003,28,163.00408125,427.6875,82.44661625,8.845000000000002,6.200000000000002,9.370000000000001,28.911875000000006,16.74375,4.35875,29.979910625000002
2026-08-03T08:53:23.220Z,MCT2408030,15.142519,74.075003,26.8,163.64702,431.8,82.32397399999999,8.568000000000001,6.2,9.37,26.642000000000003,14.388,4.38,29.986748
2026-08-03T08:00:00.000Z,MCT2408029,15.333611,74.206944,13.6,482.18656999999996,638.9,91.89886399999999,2.2260000000000004,9.166,4.002000000000001,14.219,8.822999999999999,3.5,28.408014
2026-08-03T08:10:00.000Z,MCT2408029,15.333611,74.206944,13.6875,476.1767624999999,639.125,92.06489874999998,3.1374999999999993,8.501249999999999,4.156874999999999,14.161249999999999,8.494375,3.6550000000000002,28.313496250000004
2026-08-03T08:20:00.000Z,MCT2408029,15.333611,74.206944,14.1875,478.2764625,635.625,92.23226875,3.3999999999999995,8.549999999999999,4.451874999999999,15.318125000000002,9.373125,3.6224999999999996,28.107038125
2026-08-03T08:30:00.000Z,MCT2408029,15.333611,74.206944,14.6875,484.4409687500001,640.0625,93.24030125,4.0112499999999995,8.393749999999999,4.70875,16.3275,10.074375000000002,3.528125,28.167366875000003
2026-08-03T08:40:00.000Z,MCT2408029,15.333611,74.206944,15.125,494.47571250000004,642.0625,93.13826062500002,4.525,9.124375,5.256875,17.305,10.221250000000001,3.5,28.730433124999998
2026-08-03T08:50:00.000Z,MCT2408029,15.333611,74.206944,13.8125,486.229,640.625,91.85032375000003,5.060625,9.170625,4.230625,14.883125,9.155624999999999,3.535,29.307578124999996
2026-08-03T08:53:23.228Z,MCT2408029,15.333611,74.206944,14,482.36108,632.6,91.13287199999999,4.787999999999999,9.816,3.8839999999999995,13.985999999999999,8.588000000000001,3.5,29.604933999999997
2026-08-03T08:00:00.000Z,MCT2408023,15.499722,74.020833,39.09090909090909,208.9427272727273,489.90909090909093,86.93712272727272,9.641818181818183,18.874545454545455,8.523636363636363,31.54727272727273,21.88181818181818,5.032727272727272,29.253342727272727
2026-08-03T08:10:00.000Z,MCT2408023,15.499722,74.020833,39.6875,213.76312499999997,491.3125,86.56362874999998,10.546874999999998,18.596875,8.552499999999998,32.215625,22.656249999999996,4.933125,29.502642499999993
2026-08-03T08:20:00.000Z,MCT2408023,15.499722,74.020833,39.875,211.60812500000003,480,85.790199375,10.52125,18.670625,8.236875000000001,31.819375,22.928125,4.945625,29.86059
2026-08-03T08:30:00.000Z,MCT2408023,15.499722,74.020833,38.75,201.78437499999998,488.3125,85.00294,10.825,18.18875,7.918749999999999,30.31625,21.478125000000002,5.300625,30.06504000000001
2026-08-03T08:40:00.000Z,MCT2408023,15.499722,74.020833,38.06666666666667,222.72666666666666,492.53333333333336,84.50445400000002,11.473333333333333,16.990666666666666,7.517999999999999,28.87666666666667,20.493333333333336,5.404,30.001762666666668
2026-08-03T08:50:00.000Z,MCT2408023,15.499722,74.020833,37.5625,230.83874999999998,486.375,83.60819249999999,11.44125,17.381875,7.84125,28.654374999999998,19.9375,5.608125,29.878017500000006
2026-08-03T08:53:23.277Z,MCT2408023,15.499722,74.020833,36.833333333333336,230.2083333333333,489.5,83.86027999999999,11.13,17.381666666666664,6.760000000000001,26.17333333333333,18.849999999999998,5.396666666666667,29.929186666666666
2026-08-03T08:00:00.000Z,MCT2408040,15.528056,74.020833,19.1,100,432.5,83.357757,8.221,4.548,3.07,8.49,3.809,3.5,30.390009
2026-08-03T08:10:00.000Z,MCT2408040,15.528056,74.020833,19.25,100,431.5,83.03837125000001,8.27125,4.5975,3.07,8.485625,3.8062499999999986,3.5,30.445108125
2026-08-03T08:20:00.000Z,MCT2408040,15.528056,74.020833,19.6875,100,429.6875,82.15002499999999,8.749999999999998,4.664375000000001,3.07,8.463750000000001,3.781874999999999,3.5,30.752115624999995
2026-08-03T08:30:00.000Z,MCT2408040,15.528056,74.020833,19.125,100,425.4375,81.31412999999999,8.246875,4.738125,3.07,8.42,3.733749999999999,3.5,31.100678749999997
2026-08-03T08:40:00.000Z,MCT2408040,15.528056,74.020833,19.625,100,431.9375,79.710525,8.968125,5.055625,3.07,8.485625,3.8406249999999993,3.5,30.713905625
2026-08-03T08:50:00.000Z,MCT2408040,15.528056,74.020833,19.75,100,438.6875,80.72428062499998,8.91625,5.096874999999999,3.07,8.42,3.7574999999999985,3.5,30.309704375000006
2026-08-03T08:53:23.422Z,MCT2408040,15.528056,74.020833,19.166666666666668,100,437.1666666666667,82.26319333333333,8.321666666666667,4.87,3.07,8.594999999999999,3.981666666666667,3.5,30.134753333333332
2026-08-03T08:00:00.000Z,MCT2408027,15.275556,74.1075,31.2,1141.503,532,84.823363,6.58,12.341999999999999,8.681000000000001,32.33,20.059,2.9499999999999997,30.359976999999997
2026-08-03T08:10:00.000Z,MCT2408027,15.275556,74.1075,30.3125,1145.5887499999997,516.125,85.21275,6.579999999999999,12.311250000000001,8.26,30.494999999999997,18.959374999999998,2.9500000000000006,30.266134374999996
2026-08-03T08:20:00.000Z,MCT2408027,15.275556,74.1075,28.625,1148.79375,502.5625,84.61670250000002,6.579999999999999,12.401875,7.2112500000000015,27.1075,16.921875,2.9500000000000006,30.28155125
2026-08-03T08:30:00.000Z,MCT2408027,15.275556,74.1075,29.5625,1150.2475,503,85.24565125000001,6.579999999999999,12.43875,7.520000000000001,28.646875,18.095,2.9500000000000006,30.258091250000003
2026-08-03T08:40:00.000Z,MCT2408027,15.275556,74.1075,28.9375,1150.0674999999999,544.5,85.250896875,6.579999999999999,12.49,7.210000000000002,27.660625,17.476875,2.9500000000000006,30.183684999999997
2026-08-03T08:50:00.000Z,MCT2408027,15.275556,74.1075,28.25,1153.655,510,85.30144187500001,6.579999999999999,13.060000000000004,6.84,26.366875,16.675000000000004,2.9500000000000006,29.580398125000002
2026-08-03T08:53:23.422Z,MCT2408027,15.275556,74.1075,29.4,1155.156,519.4,87.99109,6.58,12.984,6.704000000000001,27.796,18.182000000000002,2.95,29.107286
2026-08-03T08:00:00.000Z,MCT2408049,15.475278,74.055833,56.6,150,456.1,84.550233,24.243000000000002,14.248999999999999,8.126000000000001,27.35,15.803,2.61,29.313207
2026-08-03T08:10:00.000Z,MCT2408049,15.475278,74.055833,56.4375,150,457.875,84.53182500000001,24.049374999999998,14.598125,9.825,33.083125,18.89375,2.61,29.426896874999997
2026-08-03T08:20:00.000Z,MCT2408049,15.475278,74.055833,56.5625,150.01010625,455.5625,84.178966875,24.157500000000002,14.193125000000002,9.871874999999998,32.8925,18.701249999999998,2.61,29.640056249999997
2026-08-03T08:30:00.000Z,MCT2408049,15.475278,74.055833,56.5625,150,458.4375,83.51711687500003,24.156249999999996,14.252500000000003,8.720625000000002,29.541874999999997,17.166249999999998,2.61,29.77210875
2026-08-03T08:40:00.000Z,MCT2408049,15.475278,74.055833,56.4375,150,458.625,83.70975812500001,24.048125,14.779375,6.515624999999999,22.886249999999997,13.713124999999998,2.61,29.639385624999996
2026-08-03T08:50:00.000Z,MCT2408049,15.475278,74.055833,56.5,150,459.625,83.72120249999999,24.0225,13.306875,6.083125,21.258125000000003,12.8525,2.61,29.341763125
2026-08-03T08:53:23.474Z,MCT2408049,15.475278,74.055833,56.4,150,464.4,84.148926,24.056,14.25,5.978,20.528,12.277999999999999,2.61,29.263873999999998
2026-08-03T08:00:00.000Z,MCT2408044,15.313669,74.140042,25,214.29,453.45454545454544,88.94295818181818,10.346363636363636,3.32,2.8700000000000006,7.909090909090909,4.763636363636364,4.467365727272727,28.913067272727268
2026-08-03T08:10:00.000Z,MCT2408044,15.313669,74.140042,25.0625,214.29,458.0625,89.61681812499998,10.41375,3.4225,2.8699999999999997,7.75,4.591249999999999,4.2084933125,28.8283
2026-08-03T08:20:00.000Z,MCT2408044,15.313669,74.140042,25.066666666666666,214.29,461.93333333333334,89.98642933333333,10.482666666666667,3.32,2.8699999999999997,7.5,4.320000000000001,4.3145298,28.818422666666667
2026-08-03T08:30:00.000Z,MCT2408044,15.313669,74.140042,25,214.29,464.5625,89.89099874999998,10.41125,3.32,2.8699999999999997,7.5,4.32,4.1355767499999985,28.837013125
2026-08-03T08:40:00.000Z,MCT2408044,15.313669,74.140042,25,214.29,453.9375,89.17765,10.264375000000001,3.3612499999999996,2.8699999999999997,7.5,4.32,4.720993312499999,28.527327500000006
2026-08-03T08:50:00.000Z,MCT2408044,15.313669,74.140042,25.25,214.29,455,90.79222062500001,10.636249999999999,3.501875,2.8699999999999997,7.6875,4.523750000000001,4.2541667499999996,28.57626
2026-08-03T08:53:23.482Z,MCT2408044,15.313669,74.140042,25,214.29,470.5,89.54036500000001,10.171666666666667,3.32,3.5416666666666665,10.416666666666666,6.486666666666667,4.437392999999999,28.51883666666666
2026-08-03T08:00:00.000Z,MCT2408046,15.529167,74.07,31.058823529411764,237.04,678.3529411764706,88.82664235294116,13.478537058823532,11.984430352941176,5,12.352941176470589,5.495356235294118,3.772941176470589,29.185265294117645
2026-08-03T08:10:00.000Z,MCT2408046,15.529167,74.07,31.08,242.3644,676.52,88.25506600000003,13.377526399999999,11.99411888,5,12.64,5.705263440000001,3.5471999999999992,29.396866000000003
2026-08-03T08:20:00.000Z,MCT2408046,15.529167,74.07,32.04,237.04,663.72,87.02429400000001,13.38182,12.41000176,5,12.44,5.47368432,3.895199999999999,29.73577720000001
2026-08-03T08:30:00.000Z,MCT2408046,15.529167,74.07,31.88,237.04,654.88,85.26647919999999,13.197286800000002,13.42117656,5.1,12.88,5.82105296,4.1032,29.990606799999995
2026-08-03T08:40:00.000Z,MCT2408046,15.529167,74.07,32.04,237.04,660.72,84.9680176,13.240531199999998,16.39470636,5,12.12,5.178947439999999,4.375200000000001,30.16521200000001
2026-08-03T08:50:00.000Z,MCT2408046,15.529167,74.07,31.44,237.4716,669.8,83.77996919999998,12.8228536,24.035882399999995,5,12.08,5.189473760000001,4.324800000000001,30.0652528
2026-08-03T08:53:23.530Z,MCT2408046,15.529167,74.07,30.875,237.04,646.75,82.99116624999999,12.569443750000001,26.6875,5,12.25,5.263158,4.59,29.853216249999996
2026-08-03T08:00:00.000Z,MCT2408037,15.394444,74.118333,26.272727272727273,160,437.8181818181818,84.92018818181818,10.93727272727273,155.4309090909091,6.622727272727272,27.059090909090912,15.33090909090909,3.43,29.24749181818182
2026-08-03T08:10:00.000Z,MCT2408037,15.394444,74.118333,26.125,160,430.125,85.01152625000002,10.771250000000002,158.51125,7.2006250000000005,30.0025,17.193125000000002,3.439375,29.219765625
2026-08-03T08:20:00.000Z,MCT2408037,15.394444,74.118333,25.9375,160,429.875,84.98768375,10.520624999999999,132.645,7.433125000000002,31.124374999999993,17.849375000000002,3.424375,29.373268750000005
2026-08-03T08:30:00.000Z,MCT2408037,15.394444,74.118333,26.5625,160,431,84.89040625000001,10.83,130.903125,7.386875000000002,30.665625,17.474375000000002,3.4399999999999995,29.4470075
2026-08-03T08:40:00.000Z,MCT2408037,15.394444,74.118333,26.266666666666666,160.0272733333333,432.46666666666664,84.15401266666667,11.126000000000003,112.91666666666667,6.392,26.166666666666668,14.840000000000003,3.742666666666666,29.431188000000002
2026-08-03T08:50:00.000Z,MCT2408037,15.394444,74.118333,26.125,161.19831875,415.0625,82.57917812499998,11.188750000000002,106.37687499999998,4.8774999999999995,21.822500000000005,12.927500000000002,3.8031249999999996,29.102460625
2026-08-03T08:53:23.676Z,MCT2408037,15.394444,74.118333,26,160.34310000000002,411.1666666666667,83.10624166666666,11.068333333333333,121.22833333333334,5.076666666666666,20.854999999999997,11.74,4.096666666666667,28.915668333333333
2026-08-03T08:00:00.000Z,MCT2408042,15.213889,74.071667,60,129.59454545454545,446.54545454545456,78.46710818181818,26.12363636363636,15.639999999999999,6.369999999999999,23.71090909090909,14.579090909090912,4.959090909090909,31.46563818181818
2026-08-03T08:10:00.000Z,MCT2408042,15.213889,74.071667,59.25,150.023125,448.375,79.127354375,25.39,15.853125,7.905625,27.303124999999998,15.888124999999999,4.7193749999999985,31.24614
2026-08-03T08:20:00.000Z,MCT2408042,15.213889,74.071667,59.8125,197.65562500000001,443.6875,79.999965625,25.830000000000002,15.73,7.5075,26.732499999999998,16.058750000000003,4.438125,31.079228125
2026-08-03T08:30:00.000Z,MCT2408042,15.213889,74.071667,59.8125,221.40500000000003,449.3125,80.6184225,25.885624999999997,15.803750000000003,9.66875,32.09,18.279374999999995,4.989374999999999,30.753455
2026-08-03T08:40:00.000Z,MCT2408042,15.213889,74.071667,59.375,223.54062500000003,448.9375,84.37876125,25.606875,15.183125,6.9956249999999995,24.90875,14.978125000000002,4.780625,29.79289
2026-08-03T08:50:00.000Z,MCT2408042,15.213889,74.071667,58.875,198.97187499999998,445.9375,86.046260625,25.049375000000005,15.881250000000001,8.815624999999999,30.380000000000003,17.766250000000003,2.91,29.64609
2026-08-03T08:53:23.676Z,MCT2408042,15.213889,74.071667,59,196.988,448.6,85.52069200000001,25.38,16.492,10.010000000000002,33.016,18.95,2.8020000000000005,29.862333999999997
2026-08-03T08:00:00.000Z,MCT2408041,15.224628,74.171389,32.36363636363637,401.9762181818182,458.72727272727275,84.59281818181817,13.513636363636362,9.700000000000001,9.481818181818182,31.44272727272727,17.866363636363637,7.902727272727273,30.14450090909091
2026-08-03T08:10:00.000Z,MCT2408041,15.224628,74.171389,31.75,377.09276875,457.6875,84.79933062500001,13.040625,9.7,8.640625,29.210625000000004,16.781875,8.081875,29.965160624999996
2026-08-03T08:20:00.000Z,MCT2408041,15.224628,74.171389,32.125,404.4038,456.125,85.37105937499999,13.33875,9.7,8.290000000000001,27.236250000000005,15.468750000000002,8.18625,29.75535
2026-08-03T08:30:00.000Z,MCT2408041,15.224628,74.171389,32,403.19064999999995,451.6875,85.76349687500002,13.168750000000001,9.7,8.090000000000002,26.527500000000007,15.166875000000003,8.176875,29.7158025
2026-08-03T08:40:00.000Z,MCT2408041,15.224628,74.171389,31.9375,415.46860625000005,443.8125,85.67957374999999,13.131250000000001,9.7,8.090000000000002,25.312500000000004,13.9525,8.23625,29.806295
2026-08-03T08:50:00.000Z,MCT2408041,15.224628,74.171389,32.0625,404.8866125,443.125,85.47453249999998,13.289999999999996,9.7,8.090000000000002,25.515000000000008,14.154374999999998,8.18,29.79288875
2026-08-03T08:53:23.733Z,MCT2408041,15.224628,74.171389,32.2,428.67119999999994,438.6,85.113282,13.345999999999998,9.7,8.09,24.462,13.102,8.081999999999999,29.673572
2026-08-03T08:00:00.000Z,MCT2408033,15.346944,74.007778,21.727272727272727,112.91171818181816,510.3636363636364,81.32882454545455,9.491818181818182,43.995073636363635,5.178181818181819,15.291818181818183,10.481818181818184,4.39,30.75290818181818
2026-08-03T08:10:00.000Z,MCT2408033,15.346944,74.007778,20.75,112.7052125,485.625,81.97216437499999,8.785625000000001,42.92639499999999,5.3775,15.96125,10.91875,4.39,30.572470000000003
2026-08-03T08:20:00.000Z,MCT2408033,15.346944,74.007778,21.1875,113.39859374999999,505.1875,83.52760812499999,9.138125,43.903426875,5.262500000000001,15.736875,10.771875000000001,4.39,29.974545
2026-08-03T08:30:00.000Z,MCT2408033,15.346944,74.007778,19.5625,110,518.875,85.16125125,7.3824999999999985,39.1058,6.325000000000001,18.173125,12.094374999999998,4.39,29.713790625000005
2026-08-03T08:40:00.000Z,MCT2408033,15.346944,74.007778,19.8125,111.63924375,493.1875,83.45608125000001,8.0475,40.311561250000004,5.491874999999999,15.641249999999998,10.403749999999999,4.39,29.444323750000002
2026-08-03T08:50:00.000Z,MCT2408033,15.346944,74.007778,21,110.36931875,485.8125,84.16513874999998,8.923124999999999,40.651356875000005,4.659375,13.941250000000004,9.669375,4.39,29.043473125000002
2026-08-03T08:53:23.733Z,MCT2408033,15.346944,74.007778,19.2,110,518.2,85.33606,7.56,34.897592,4.728,14.154000000000002,9.882,4.39,28.869189999999996
2026-08-03T08:00:00.000Z,MCT2408024,15.148056,74.131667,40.294117647058826,221.34652352941177,558.2941176470588,77.51359764705883,17.29204058823529,5,6.055882352941175,23.16529411764706,14.34294117647059,2.5041176470588233,30.047689999999992
2026-08-03T08:10:00.000Z,MCT2408024,15.148056,74.131667,40,219.24805833333332,479.4583333333333,78.17574541666667,17.12077291666667,5.087782666666667,6.164166666666667,23.03041666666667,14.031666666666672,2.493749999999999,30.076212500000008
2026-08-03T08:20:00.000Z,MCT2408024,15.148056,74.131667,40.52,217.348788,562.52,78.57275400000002,17.534954,5.31890352,6.237199999999999,23.708000000000006,14.630000000000004,2.47,30.260448799999992
2026-08-03T08:30:00.000Z,MCT2408024,15.148056,74.131667,40.48,217.22476799999995,560.44,78.24652039999997,17.4680104,5.168831,5.957999999999999,22.749200000000005,14.110000000000005,2.4867999999999997,30.3857176
2026-08-03T08:40:00.000Z,MCT2408024,15.148056,74.131667,40.6,216.827824,502.6,78.05303920000001,17.6154252,5.0675324,6.0371999999999995,23.108800000000006,14.310000000000004,2.4696000000000002,30.6057972
2026-08-03T08:50:00.000Z,MCT2408024,15.148056,74.131667,40.333333333333336,217.9067375,536.9583333333334,77.35335916666669,17.429870000000005,5,5.9558333333333335,23.11333333333334,14.490000000000004,2.513333333333333,30.79255749999999
2026-08-03T08:53:23.783Z,MCT2408024,15.148056,74.131667,40.22222222222222,217.99977777777775,569.8888888888889,77.28670999999999,17.42527777777778,5,5.998888888888889,22.98888888888889,14.10111111111111,2.5044444444444443,30.87120666666667
2026-08-03T08:00:00.000Z,MCT2408022,15.475833,74.038889,41,150,434.6,87.49670500000002,4.8420000000000005,11.652610000000001,14.8,49.6,28.1,4.2313865,28.870264
2026-08-03T08:10:00.000Z,MCT2408022,15.475833,74.038889,42.0625,150,435.875,87.39666374999999,4.6987499999999995,11.510729374999999,15.375,51.5625,29.3125,4.2276275624999995,29.041462499999998
2026-08-03T08:20:00.000Z,MCT2408022,15.475833,74.038889,40.4375,150,434.5,86.77772812500001,4.736875,11.512046875,14.3125,48.0625,27.4375,4.2371221875,29.334390625000005
2026-08-03T08:30:00.000Z,MCT2408022,15.475833,74.038889,35.625,150,443.25,86.28611124999999,4.761875,11.456513125000003,11.125,37.875,22,4.2262168749999995,29.530795625000003
2026-08-03T08:40:00.000Z,MCT2408022,15.475833,74.038889,31.5,150,445.125,86.117785,4.775,11.3726775,8.6875,29.375,17.1875,4.2375922500000005,29.362544999999997
2026-08-03T08:50:00.000Z,MCT2408022,15.475833,74.038889,31.25,150,442.8125,86.30565937499999,4.90875,11.245858125,8.4375,29,17.125,4.2574393125,29.102461874999996
2026-08-03T08:53:23.929Z,MCT2408022,15.475833,74.038889,31.8,150,436.2,86.475892,5.09,11.304018,8.8,30.2,17.8,4.2953986,29.075113999999996
2026-08-03T08:00:00.000Z,MCT2408045,15.619444,73.878889,28.818181818181817,178.11999999999998,546.5454545454545,80.72124636363637,12.574545454545454,17.62181818181818,4.621818181818183,17.887272727272727,10.28090909090909,2.5300000000000002,30.85820636363637
2026-08-03T08:10:00.000Z,MCT2408045,15.619444,73.878889,28.6875,178.11999999999995,551.0625,81.44764250000001,12.474375000000002,17.768124999999998,4.466875000000001,17.181250000000002,9.896250000000002,2.5300000000000002,30.697148749999997
2026-08-03T08:20:00.000Z,MCT2408045,15.619444,73.878889,28.1875,178.11999999999995,549.5,81.564468125,12,16.78,4.655,17.89375,10.353750000000002,2.5300000000000002,30.998790624999998
2026-08-03T08:30:00.000Z,MCT2408045,15.619444,73.878889,28.6875,178.11999999999995,531.9375,80.56406375000002,12.39875,16.573750000000004,3.932500000000001,15.934375,9.576875000000001,2.5300000000000002,31.420421875
2026-08-03T08:40:00.000Z,MCT2408045,15.619444,73.878889,28.75,178.23124999999993,546.125,79.40201125,12.446874999999997,16.903124999999996,3.775625000000001,14.936875,8.87,2.5300000000000002,31.778371875
2026-08-03T08:50:00.000Z,MCT2408045,15.619444,73.878889,28.625,178.11999999999995,538.375,78.656715,12.318124999999997,16.819374999999997,3.396875000000001,13.903750000000002,8.27,2.5300000000000002,32.170508125000005
2026-08-03T08:53:23.930Z,MCT2408045,15.619444,73.878889,28.6,178.12,542.4,78.034728,12.288,16.982,3.7260000000000004,14.830000000000002,8.82,2.53,32.487836
2026-08-03T08:00:00.000Z,MCT2408036,15.171567,74.067106,36.5,120,419,83.469146,11.366999999999999,8.39,3.8940000000000006,14.183000000000002,8.865,11.31,30.492969
2026-08-03T08:10:00.000Z,MCT2408036,15.171567,74.067106,37.3125,120,423,82.81712,11.435625000000002,8.219375000000001,3.4531250000000004,13.075,8.233125,11.774375,30.518843125
2026-08-03T08:20:00.000Z,MCT2408036,15.171567,74.067106,37.13333333333333,120,414,81.23653133333333,10.877333333333333,8.103333333333332,3.1579999999999995,12.696666666666667,8.276,11.656,30.82401666666666
2026-08-03T08:30:00.000Z,MCT2408036,15.171567,74.067106,37.1875,120,415.4375,80.400508125,11.918125000000002,8.106875,3.0268749999999995,11.809999999999999,7.567500000000001,11.7825,30.998119374999998
2026-08-03T08:40:00.000Z,MCT2408036,15.171567,74.067106,38,120,397.625,80.4858625,11.27,8.453750000000001,3.0250000000000004,12.031874999999998,7.853125,12.133750000000001,30.788313124999995
2026-08-03T08:50:00.000Z,MCT2408036,15.171567,74.067106,37.4,120,399.2,81.82806466666668,12.068,8.264666666666667,3.5420000000000003,13.236666666666663,8.309999999999999,11.795999999999998,30.603082000000008
2026-08-03T08:53:23.989Z,MCT2408036,15.171567,74.067106,36.333333333333336,120,418,82.11187833333334,11.98666666666667,8.43,3.856666666666667,13.761666666666665,8.53,11.285000000000002,30.561968333333336
2026-08-03T08:00:00.000Z,MCT2408032,15.525556,73.828611,35,178.92999999999998,733.375,80.097716875,14.68125,42.84,7.475000000000001,22.57875,11.856875000000004,2.289375,30.937791875000002
2026-08-03T08:10:00.000Z,MCT2408032,15.525556,73.828611,35.64,183.99439999999998,732.2,80.49475040000002,15.252000000000002,41.606399999999994,7.6312000000000015,22.4152,11.382800000000005,2.6492,30.687308800000004
2026-08-03T08:20:00.000Z,MCT2408032,15.525556,73.828611,34.88,178.92999999999995,739.08,81.49816880000002,14.565600000000003,42.29560000000001,7.120000000000002,18.206,8.210400000000003,2.5192000000000005,30.42003880000001
2026-08-03T08:30:00.000Z,MCT2408032,15.525556,73.828611,33.92307692307692,178.92999999999998,733.6153846153846,81.80112538461539,13.86923076923077,41.03384615384615,7.120000000000003,18.217692307692307,8.22115384615385,1.7984615384615383,30.616555000000005
2026-08-03T08:40:00.000Z,MCT2408032,15.525556,73.828611,34.44,178.92999999999995,728.4,80.4871216,14.269999999999998,42.014399999999995,7.120000000000002,19.3432,9.342800000000002,1.1735999999999998,31.301210800000003
2026-08-03T08:50:00.000Z,MCT2408032,15.525556,73.828611,35.08,179.2556,727.16,76.9150392,14.8268,43.802,7.120000000000002,17.8084,7.814400000000002,1.7164,32.31022959999999
2026-08-03T08:53:23.989Z,MCT2408032,15.525556,73.828611,35.625,180.69625,739.25,75.16531375,15.149999999999999,44.550000000000004,7.119999999999999,17.9575,7.9625,1.81,32.93534125
2026-08-03T08:00:00.000Z,MCT2408031,15.290833,74.149167,19.3,147.18372000000002,497.6,85.949462,7.3519846,8.4130882,7.144,20.434000000000005,12.095999999999998,5.083,29.019343
2026-08-03T08:10:00.000Z,MCT2408031,15.290833,74.149167,18.5625,149.26376875,507,86.10300374999998,7.3689557500000005,8.898930937499998,6.726875,19.348124999999996,11.456875,5.144375,28.967055624999993
2026-08-03T08:20:00.000Z,MCT2408031,15.290833,74.149167,18.6875,142.37103125,506.875,85.905594375,7.417256,7.9743829999999996,6.726875000000001,19.539999999999996,11.665000000000003,4.789374999999999,29.266688125
2026-08-03T08:30:00.000Z,MCT2408031,15.290833,74.149167,18.1875,151.93111875,509.5,85.61424687499998,7.260610124999998,7.584134687499999,6.398749999999999,18.506249999999998,11.041875,4.8862499999999995,29.550235625000006
2026-08-03T08:40:00.000Z,MCT2408031,15.290833,74.149167,19.125,157.34220625,510.4375,85.34912375,7.5116131875,6.3727754375,7.02375,20.16375,11.934375000000001,4.700624999999999,29.695692500000003
2026-08-03T08:50:00.000Z,MCT2408031,15.290833,74.149167,18.625,151.38171874999998,511.6875,85.33624937500002,7.403795375000001,6.77730325,6.458125,18.833125,11.280625,4.726250000000001,29.706417500000004
2026-08-03T08:53:24.031Z,MCT2408031,15.290833,74.149167,18.8,152.9783,507,85.238406,7.4679056,6.3810562,6.6659999999999995,19.306,11.43,4.974,29.729342000000003
2026-08-03T08:00:00.000Z,MCT2408035,15.236111,74.125,54.09090909090909,190,514.1818181818181,81.58475636363636,24.867256363636365,73.87271363636363,3.8,10.978181818181817,5.694545454545454,3.8299999999999987,31.003481818181818
2026-08-03T08:10:00.000Z,MCT2408035,15.236111,74.125,53.375,190.13454375,525.9375,81.70227374999999,24.437315,71.901344375,3.799999999999999,10.873124999999996,5.589375,3.8299999999999987,30.80104687499999
2026-08-03T08:20:00.000Z,MCT2408035,15.236111,74.125,52.4375,190.054675,548.875,82.10281812499998,23.574103125,68.87477999999999,3.799999999999999,10.709375,5.425,3.8299999999999987,30.648216874999996
2026-08-03T08:30:00.000Z,MCT2408035,15.236111,74.125,53.375,190,534.375,82.697433125,24.466960625000002,67.134818125,3.799999999999999,10.896249999999998,5.614375,3.8299999999999987,30.641513125
2026-08-03T08:40:00.000Z,MCT2408035,15.236111,74.125,51.8125,190,526.8125,83.04266312499999,23.089309375000003,65.79552999999999,3.799999999999999,10.872499999999999,5.59,3.8299999999999987,30.613359374999998
2026-08-03T08:50:00.000Z,MCT2408035,15.236111,74.125,51.8125,190,532,83.887143125,23.27474,68.851209375,3.799999999999999,10.661249999999999,5.37875,3.8299999999999987,30.402876875000004
2026-08-03T08:53:24.188Z,MCT2408035,15.236111,74.125,51.2,190,508.8,84.304566,22.652530000000002,70.82964,3.8,10.568,5.284000000000001,3.8299999999999996,30.308497999999997
2026-08-03T08:00:00.000Z,MCT2408039,15.163611,74.110833,32.6,173.408,442.9,80.296846,7.170999999999999,10.299999999999999,10.598000000000003,35.348000000000006,15.032,2.3000000000000003,30.307425000000002
2026-08-03T08:10:00.000Z,MCT2408039,15.163611,74.110833,29.5,158.34312500000001,445.75,80.90166375000003,7.80125,10.3,9.125624999999998,29.715,12.354999999999999,2.3,30.268815625000006
2026-08-03T08:20:00.000Z,MCT2408039,15.163611,74.110833,29.6875,227.06937499999995,443.875,80.95554625,7.974999999999999,10.3,9.090624999999998,29.844375000000003,12.48625,2.3,30.357296250000008
2026-08-03T08:30:00.000Z,MCT2408039,15.163611,74.110833,29.5,237.82375,439.1875,80.59601125000002,7.431875,10.3,9.019999999999998,29.585625,12.36125,2.3,30.43706375
2026-08-03T08:40:00.000Z,MCT2408039,15.163611,74.110833,29,323.88125,441.125,80.20786625000001,6.4275,10.3,9.019999999999998,28.94,11.759999999999998,2.3,30.465886875000006
2026-08-03T08:50:00.000Z,MCT2408039,15.163611,74.110833,29,326.64875,441.3125,80.126803125,6.103750000000001,10.3,9.019999999999998,28.94,11.759999999999998,2.3,30.432371874999998
2026-08-03T08:53:24.189Z,MCT2408039,15.163611,74.110833,29,355.42199999999997,442.8,80.166382,7.448,10.3,9.02,28.940000000000005,11.76,2.3,30.364266000000004
2026-08-03T08:00:00.000Z,MCT2408038,15.188889,74.055556,34.6,395.336,444.3,77.927916,15.395,13.330000000000002,6.256000000000002,20.179000000000002,11.133000000000003,4.861,31.988048
2026-08-03T08:10:00.000Z,MCT2408038,15.188889,74.055556,34.6875,393.23687499999994,452,78.85746375000001,15.463750000000001,13.330000000000005,6.412500000000001,20.316875000000003,11.12625,4.815000000000001,31.888304375
2026-08-03T08:20:00.000Z,MCT2408038,15.188889,74.055556,34.1875,392.7712499999999,466.9375,78.94281812500002,15.079375000000002,13.330000000000005,6.057500000000002,19.013124999999995,10.264999999999999,4.810625000000001,31.849425625
2026-08-03T08:30:00.000Z,MCT2408038,15.188889,74.055556,34.0625,412.8406249999999,525.8125,78.47456375,15.053749999999999,13.330000000000005,5.950000000000002,18.016874999999995,9.3425,4.8062499999999995,31.649000625
2026-08-03T08:40:00.000Z,MCT2408038,15.188889,74.055556,34.25,403.03125,600.0625,80.53497625000001,15.2025,13.330000000000005,5.950000000000002,17.21,8.758125,4.811250000000001,31.09799875
2026-08-03T08:50:00.000Z,MCT2408038,15.188889,74.055556,33.875,386.035,621.5,81.928771875,14.869374999999998,13.330000000000005,5.950000000000002,18.143124999999998,9.555624999999997,4.758749999999999,30.995438750000005
2026-08-03T08:53:24.244Z,MCT2408038,15.188889,74.055556,33.4,396.63,597.6,82.02795599999999,14.636000000000001,13.330000000000002,5.95,18.094,9.59,4.766,31.031367999999997
2026-08-03T11:10:00.000Z,MCT2408028,15.186944,74.096667,40.2,653.226,441,85.778566,17.118000000000002,13.61,7.19,27.445999999999998,17.296,1.364,29.019342
2026-08-03T11:20:00.000Z,MCT2408028,15.186944,74.096667,39.84,656.3224,439.84,85.66473359999998,16.903600000000004,13.485200000000003,7.910000000000002,28.636800000000008,17.455999999999992,1.0444000000000002,29.045511600000005
2026-08-03T11:30:00.000Z,MCT2408028,15.186944,74.096667,39.4,649.3675999999999,443.8,85.76300080000001,16.7212,13.429599999999999,8.070000000000002,29.432399999999998,17.973599999999994,0.9895999999999999,29.0266352
2026-08-03T11:40:00.000Z,MCT2408028,15.186944,74.096667,40.04,648.8335999999998,444.32,86.80273519999997,17.025199999999998,13.299599999999996,8.470000000000002,30.466400000000004,18.45039999999999,1.1059999999999999,29.054520000000007
2026-08-03T11:50:00.000Z,MCT2408028,15.186944,74.096667,39.76,648.4635999999999,442.16,87.63128680000001,16.868399999999994,13.493599999999999,9.270000000000003,33.52920000000001,20.320399999999996,0.8800000000000001,28.943838799999998
2026-08-03T12:00:00.000Z,MCT2408028,15.186944,74.096667,40.48,649.4572,449.44,88.6139528,17.131200000000003,13.353199999999998,10.508400000000002,37.4672,22.468400000000003,0.9775999999999999,28.885494399999992
2026-08-03T12:08:08.427Z,MCT2408028,15.186944,74.096667,45.55,651.5469999999998,447.15,88.8600765,17.474999999999998,13.184000000000001,16.0305,55.284000000000006,32.5085,1.3185,28.959283999999997
2026-08-03T11:10:00.000Z,MCT2408055,15.585833,73.885556,20.333333333333332,90.05333333333333,669.3333333333334,88.07806333333333,8.51,21.844783333333336,6.056666666666666,20.833333333333332,13.176666666666668,0.7466666666666666,29.158766666666665
2026-08-03T11:20:00.000Z,MCT2408055,15.585833,73.885556,20.142857142857142,91.28857142857144,667.1428571428571,87.66444285714286,8.455714285714285,17.558615428571432,6.140714285714287,20.722857142857144,12.999285714285715,0.7107142857142856,29.294362857142858
2026-08-03T11:30:00.000Z,MCT2408055,15.585833,73.885556,20.545454545454547,93.2009090909091,670.0909090909091,87.05572454545455,8.349090909090908,20.619361818181815,6.671818181818182,21.711818181818185,13.32181818181818,0.9836363636363639,29.464922727272725
2026-08-03T11:40:00.000Z,MCT2408055,15.585833,73.885556,21.4375,91.59937500000001,669.8125,86.55313812500002,8.062499999999998,23.306298124999994,7.38375,23.766250000000003,14.313124999999998,0.9706250000000001,29.601178750000003
2026-08-03T11:50:00.000Z,MCT2408055,15.585833,73.885556,21.875,88.83,666.375,86.423916875,8.12125,25.635734375,7.952500000000001,24.630625000000002,14.400000000000002,1.023125,29.702396249999996
2026-08-03T12:00:00.000Z,MCT2408055,15.585833,73.885556,21.923076923076923,96.09076923076921,671.6923076923077,85.38723538461538,8.326923076923078,22.912507692307695,7.851538461538462,24.69538461538461,14.628461538461542,1.636923076923077,29.45577076923077
2026-08-03T12:08:08.433Z,MCT2408055,15.585833,73.885556,19.636363636363637,106.03454545454547,668.9090909090909,83.90409090909091,8.20909090909091,23.180083636363637,6.353636363636365,19.675454545454553,11.712727272727273,2.276363636363637,28.587411818181817
2026-08-03T11:10:00.000Z,MCT2408056,15.579167,73.920833,26.333333333333332,180,591.6666666666666,84.87117666666667,6.033333333333332,26.37323666666667,7.196666666666666,25.5,16.243333333333332,2.02,30.06325
2026-08-03T11:20:00.000Z,MCT2408056,15.579167,73.920833,25.875,180,599.4375,84.72208437500001,6.285625,32.2227070625,7.333125,25.443749999999998,15.875000000000002,2.5568750000000002,30.333835625000003
2026-08-03T11:30:00.000Z,MCT2408056,15.579167,73.920833,25.6875,180,589.0625,84.44742562500001,6.413125000000001,35.478730812500004,7.156875,25.159375,15.698750000000002,2.484375,30.548336875000004
2026-08-03T11:40:00.000Z,MCT2408056,15.579167,73.920833,25.5625,180,608.9375,84.087414375,6.963125,18.67913675,6.6875,24.305625,15.522500000000003,1.9193749999999998,30.522195625000002
2026-08-03T11:50:00.000Z,MCT2408056,15.579167,73.920833,25.375,180,610.375,84.48318875000001,6.921875,20.827023625,6.9225,24.419375,15.348125000000001,2.5218749999999996,30.407570625000005
2026-08-03T12:00:00.000Z,MCT2408056,15.579167,73.920833,31.125,197.21518125,608.875,84.12556125,7.4350000000000005,24.349768,6.981250000000001,24.760624999999997,15.640000000000002,7.483125,30.353275625
2026-08-03T12:08:08.428Z,MCT2408056,15.579167,73.920833,24.23076923076923,180,615,82.81143384615385,7.294615384615384,16.635427384615383,6.930769230769231,23.33,14.203076923076924,2.5238461538461534,29.794849230769234
2026-08-03T11:10:00.000Z,MCT2408057,15.272222,74.104722,28.6,255.404,453.6,78.45282,12.206,8.924000000000001,3.934,13.794,8.193999999999999,2.902,30.452213999999998
2026-08-03T11:20:00.000Z,MCT2408057,15.272222,74.104722,29,329.19879999999995,446.12,78.75708000000002,12.676800000000004,8.849600000000002,4.006,13.638399999999997,7.9708000000000006,2.8779999999999997,30.41875080000001
2026-08-03T11:30:00.000Z,MCT2408057,15.272222,74.104722,29,323.1295999999999,454.24,79.22705160000001,12.6608,8.703600000000002,4.0524000000000004,14.001999999999994,8.280000000000001,2.67,30.4813852
2026-08-03T11:40:00.000Z,MCT2408057,15.272222,74.104722,29,308.8108,451.68,79.35888720000001,12.569599999999998,8.8212,4.5288,15.109199999999998,8.812000000000001,2.6636,30.544879599999987
2026-08-03T11:50:00.000Z,MCT2408057,15.272222,74.104722,29,330.52479999999997,448.56,79.02044720000002,12.7152,8.722800000000001,4.5288,15.063199999999997,8.8128,2.5375999999999994,30.627678000000007
2026-08-03T12:00:00.000Z,MCT2408057,15.272222,74.104722,28.84,272.246,447.88,79.45959560000001,12.52,8.9036,4.886799999999998,16.2388,9.4552,2.6156,30.797133199999998
2026-08-03T12:08:08.431Z,MCT2408057,15.272222,74.104722,29.1,306.812,451.95,80.21826100000001,12.694999999999997,8.780000000000003,5.6324999999999985,18.122000000000003,10.322999999999999,2.512,30.78201199999999
2026-08-03T11:10:00.000Z,MCT2408020,15.543475,74.039433,36,180,613,86.25464,3.965876,16.84648,16.7,48.46,24.16,3.66,27.97901
2026-08-03T11:20:00.000Z,MCT2408020,15.543475,74.039433,22.875,180,595.9375,85.55464187500002,8.233718750000001,17.488118125,6.7825,22.660625,12.835624999999999,3.6599999999999984,28.429460624999997
2026-08-03T11:30:00.000Z,MCT2408020,15.543475,74.039433,23.4375,180,599.375,85.372968125,8.3997874375,17.273943749999997,7.3043749999999985,23.650000000000002,13.184375,3.6599999999999984,28.926168125
2026-08-03T11:40:00.000Z,MCT2408020,15.543475,74.039433,22.6875,180,598.9375,85.39728562500002,8.4385408125,17.69739125,6.376875,22.485,13.242499999999998,3.6599999999999984,29.310930624999994
2026-08-03T11:50:00.000Z,MCT2408020,15.543475,74.039433,22.6875,180,598.0625,85.237545625,8.709686250000003,18.37170125,6.43375,22.193749999999998,12.89375,3.6599999999999984,29.62598
2026-08-03T12:00:00.000Z,MCT2408020,15.543475,74.039433,25.3125,180,602.5,85.29333499999998,8.942078312500003,19.092796874999998,8.637499999999998,27.668125,15.276875000000002,3.6599999999999984,29.7372525
2026-08-03T12:08:08.427Z,MCT2408020,15.543475,74.039433,24.153846153846153,180,605.3846153846154,85.18652307692308,9.00541053846154,18.92585461538462,7.706153846153847,25.30615384615385,14.440769230769233,3.659999999999999,29.803096923076925
2026-08-03T11:10:00.000Z,MCT2408053,15.263333,74.110833,40.333333333333336,125.02253333333333,538.6666666666666,82.05847,16.173333333333332,26.203333333333333,4.59,13.61,7.896666666666667,7.579999999999999,29.79155
2026-08-03T11:20:00.000Z,MCT2408053,15.263333,74.110833,45.9375,203.65569374999998,524.5625,80.37523812500001,21.045625,27.206874999999997,4.590000000000002,12.943750000000001,7.121874999999999,7.158125000000001,29.743955
2026-08-03T11:30:00.000Z,MCT2408053,15.263333,74.110833,43.0625,160.1112,542.1875,81.76664687499999,18.581875,26.041874999999994,4.647500000000002,14.156875000000001,8.390625,7.152500000000001,29.712451250000004
2026-08-03T11:40:00.000Z,MCT2408053,15.263333,74.110833,42.25,171.14795,525.5625,82.4776125,17.936875,25.828124999999993,4.705000000000002,15.494375000000003,9.798750000000002,6.739375000000001,29.823053125
2026-08-03T11:50:00.000Z,MCT2408053,15.263333,74.110833,43.9375,177.82375000000002,500.1875,82.430405,19.41,25.992499999999993,4.590000000000002,14.340000000000003,8.741875000000002,6.663125000000002,29.960469999999997
2026-08-03T12:00:00.000Z,MCT2408053,15.263333,74.110833,42.5625,125.0654625,539.8125,83.59961,18.209374999999998,26.889374999999998,4.647500000000002,14.888125,9.23625,6.7275,29.849194375
2026-08-03T12:08:08.636Z,MCT2408053,15.263333,74.110833,43.416666666666664,150.73105,525.3333333333334,85.37980166666667,18.958333333333332,27.736666666666668,4.666666666666668,15.799166666666665,10.246666666666666,6.903333333333333,29.518058333333332
2026-08-03T11:10:00.000Z,MCT2408052,15.444425,74.063856,25.333333333333332,160,608.3333333333334,83.34275333333333,3.780351,8,7.243333333333333,21.49,10.816666666666668,2,30.17765
2026-08-03T11:20:00.000Z,MCT2408052,15.444425,74.063856,26.5,160,634.6875,83.50901187499998,3.958947375,8,8.09,23.9225,11.973749999999997,2,30.101236875
2026-08-03T11:30:00.000Z,MCT2408052,15.444425,74.063856,25.75,160,605.8125,83.12515687499999,3.753289500000001,8,7.670624999999998,22.498749999999998,11.220000000000002,2,29.75736125
2026-08-03T11:40:00.000Z,MCT2408052,15.444425,74.063856,25.75,160,613.3125,84.28911499999998,3.744517625,8,7.586249999999999,22.261874999999996,11.091250000000002,2,29.497280625000002
2026-08-03T11:50:00.000Z,MCT2408052,15.444425,74.063856,37.875,160,645.4375,85.34006437500001,3.79434225,8,15.302499999999998,46.638125,24.055624999999996,2,29.43226
2026-08-03T12:00:00.000Z,MCT2408052,15.444425,74.063856,45.125,160,618.5625,86.059135625,3.840438625,8,20.194375,61.42249999999999,31.648749999999993,2,29.354499374999996
2026-08-03T12:08:08.640Z,MCT2408052,15.444425,74.063856,30.76923076923077,160,597,86.63963076923073,3.665965076923077,8,11.115384615384615,32.65307692307692,16.223846153846157,2,29.244567692307694
2026-08-03T11:10:00.000Z,MCT2408043,15.221111,74.087222,56.666666666666664,199.92,641.6666666666666,76.58565,24.11,32.04333333333334,9.29,31.756666666666664,18.363333333333333,5.29,30.09542666666667
2026-08-03T11:20:00.000Z,MCT2408043,15.221111,74.087222,56.8125,202.12374999999997,635.6875,76.25679500000001,24.169375000000002,32.463750000000005,9.81625,34.520624999999995,20.177500000000002,5.290000000000001,30.111961875000002
2026-08-03T11:30:00.000Z,MCT2408043,15.221111,74.087222,56.84615384615385,200.07076923076923,632.6153846153846,78.27781230769232,24.194615384615386,31.917692307692313,9.353846153846154,35.25615384615384,21.680769230769233,5.29,30.022550769230772
2026-08-03T11:40:00.000Z,MCT2408043,15.221111,74.087222,57,187.92062500000003,639.25,80.01331687500002,24.281875000000003,31.92375,10.131249999999998,36.853125,22.34,5.290000000000001,29.96784375
2026-08-03T11:50:00.000Z,MCT2408043,15.221111,74.087222,57,166.48687499999997,647.125,81.76712437499998,24.36625,31.786875,11.635625000000001,42.64875000000001,25.780625,5.290000000000001,29.825062500000005
2026-08-03T12:00:00.000Z,MCT2408043,15.221111,74.087222,57,159.04599999999996,631.3333333333334,82.94246333333334,24.390000000000004,32.251333333333335,11.145333333333332,41.54266666666667,25.450666666666667,5.290000000000001,29.697167333333336
2026-08-03T12:08:08.642Z,MCT2408043,15.221111,74.087222,57.69230769230769,154.48153846153846,644.7692307692307,83.03268769230769,24.413846153846155,31.80923076923077,15.003076923076922,51.69615384615385,29.858461538461537,5.29,29.759372307692306
2026-08-03T11:10:00.000Z,MCT2408021,15.500556,74.053333,49,375,496,84.37526333333334,20.513333333333335,13.952963333333335,3.97,11.593333333333334,6.983333333333333,4.41,27.900356666666667
2026-08-03T11:20:00.000Z,MCT2408021,15.500556,74.053333,48.375,375,489.9375,84.76452375,20.056875,14.174183124999999,2.86,9.593124999999999,6.218125,4.36875,27.873767499999996
2026-08-03T11:30:00.000Z,MCT2408021,15.500556,74.053333,48.625,375,495.0625,85.57323624999998,20.25875,14.488024375,2.86,10.001249999999999,6.665625,4.297499999999999,27.936107500000002
2026-08-03T11:40:00.000Z,MCT2408021,15.500556,74.053333,48.86666666666667,375,491.6,86.09238666666667,20.444666666666663,14.595072666666665,3.0793333333333326,10.462666666666667,6.950666666666667,4.328000000000001,28.112712
2026-08-03T11:50:00.000Z,MCT2408021,15.500556,74.053333,48.9375,375,489.0625,86.40532,20.590624999999996,14.91066625,3.421874999999999,11.385,7.5287500000000005,4.221875,28.4214175
2026-08-03T12:00:00.000Z,MCT2408021,15.500556,74.053333,49.1875,375,493.4375,87.043804375,21.003125,15.16396875,6.397499999999999,20.109375,12.7675,4.17125,28.611117500000002
2026-08-03T12:08:08.641Z,MCT2408021,15.500556,74.053333,48.92307692307692,375,493.84615384615387,87.25056923076923,20.684615384615388,15.222706153846152,4.104615384615384,13.777692307692304,9.194615384615384,4.259230769230769,28.597763076923076
2026-08-03T11:10:00.000Z,MCT2408050,15.553611,73.958333,27.666666666666668,86.03000000000002,508,85.84011,11.353333333333333,4.363333333333333,6.223333333333334,22.326666666666664,13.326666666666666,2.17,29.559173333333334
2026-08-03T11:20:00.000Z,MCT2408050,15.553611,73.958333,27.75,86.02999999999999,480,85.85028187499998,11.457500000000001,4.208750000000001,7.210000000000001,24.903125,14.459999999999999,1.9625,29.930975625000002
2026-08-03T11:30:00.000Z,MCT2408050,15.553611,73.958333,27.75,86.02999999999999,489.25,85.31050187500001,11.439375,4.444375,5.83375,21.468750000000004,12.919375,1.8106250000000002,30.316407499999997
2026-08-03T11:40:00.000Z,MCT2408050,15.553611,73.958333,28,86.02999999999999,509.8125,85.23373000000002,11.729375000000001,4.105,6.04625,22.060625000000005,13.238125,2.0175,30.36668187500001
2026-08-03T11:50:00.000Z,MCT2408050,15.553611,73.958333,28.266666666666666,86.02999999999999,511.26666666666665,85.37064733333335,11.877333333333333,3.9973333333333327,6.336666666666667,22.270666666666664,13.156666666666665,2.001333333333333,30.267027333333335
2026-08-03T12:00:00.000Z,MCT2408050,15.553611,73.958333,28.3125,86.02999999999999,477,84.158939375,12.029999999999998,3.9143749999999997,5.355625000000001,18.73,10.74,2.5468750000000004,29.808976875
2026-08-03T12:08:08.834Z,MCT2408050,15.553611,73.958333,28.23076923076923,86.02999999999999,501.53846153846155,84.94296923076925,12.046153846153846,3.909230769230769,6.658461538461539,22.92230769230769,13.413846153846155,2.734615384615385,29.36089538461539
2026-08-03T11:10:00.000Z,MCT2408034,15.356389,74.123611,50,213.22475,430.25,75.20345999999999,23.514999999999997,5.8475,7.29,24.8525,14.5325,1.975,32.199332500000004
2026-08-03T11:20:00.000Z,MCT2408034,15.356389,74.123611,49.48,203.91147200000003,423.44,74.949402,22.995999999999995,4.8511999999999995,8.092799999999999,27.834399999999995,16.089199999999998,1.6828,32.43807280000001
2026-08-03T11:30:00.000Z,MCT2408034,15.356389,74.123611,49.12,182.564392,428.68,75.02355920000001,22.697599999999994,4.5203999999999995,6.925999999999998,25.4716,15.4516,1.2807999999999995,32.5105756
2026-08-03T11:40:00.000Z,MCT2408034,15.356389,74.123611,48.958333333333336,187.08840833333332,426.75,75.03688583333336,22.57083333333333,4.9070833333333335,8.23958333333333,28.213333333333335,16.253749999999997,1.3458333333333332,32.43662541666667
2026-08-03T11:50:00.000Z,MCT2408034,15.356389,74.123611,51.04,200.757628,428.4,74.59600879999999,24.351999999999997,4.856399999999999,6.707599999999998,24.422399999999993,14.626,1.4844,32.3291072
2026-08-03T12:00:00.000Z,MCT2408034,15.356389,74.123611,51.083333333333336,201.41312916666666,430.4166666666667,75.51086208333335,24.459999999999997,4.463333333333332,6.7970833333333305,24.110416666666666,14.21875,1.945833333333333,31.69525291666667
2026-08-03T12:08:08.839Z,MCT2408034,15.356389,74.123611,53.95,203.22217999999998,429.3,75.61239649999997,26.8305,4.660000000000001,8.111999999999998,27.759499999999996,15.893,1.8889999999999998,31.576202000000002
2026-08-03T11:10:00.000Z,MCT2408029,15.333611,74.206944,15.333333333333334,492.2555,636.6666666666666,88.90966666666667,2.0233333333333334,7.25,5.29,17.533333333333335,10.196666666666667,3.5,29.752223333333333
2026-08-03T11:20:00.000Z,MCT2408029,15.333611,74.206944,14.6875,485.73351875,631.875,88.2244525,2.2275000000000005,7.18125,4.5600000000000005,15.678125000000001,9.48625,3.579375,29.621288125000003
2026-08-03T11:30:00.000Z,MCT2408029,15.333611,74.206944,14.25,486.867875,632.5625,88.73371625000001,2.2756250000000002,7.18125,4.524375,14.95625,8.86125,3.549375,29.447006249999998
2026-08-03T11:40:00.000Z,MCT2408029,15.333611,74.206944,16,500.27734999999996,632.6875,88.85578562500001,2.324375,7.195,5.845625,18.894375,10.918125,3.5,29.420192500000002
2026-08-03T11:50:00.000Z,MCT2408029,15.333611,74.206944,15.5,500.7385,638.1875,88.87342875,2.5743749999999994,7.188125,5.476250000000001,18.06375,10.661249999999999,3.5,29.3095875
2026-08-03T12:00:00.000Z,MCT2408029,15.333611,74.206944,14.9375,493.41946875,635.25,88.85817062499999,2.150625,7.14,4.890000000000001,16.328125,9.705625,3.5,29.201666875
2026-08-03T12:08:08.840Z,MCT2408029,15.333611,74.206944,15.076923076923077,495.37335384615386,630.0769230769231,89.24418769230769,2.3569230769230773,7.14,5.247692307692309,17.29615384615385,10.18153846153846,3.644615384615385,29.08286769230769
2026-08-03T11:10:00.000Z,MCT2408030,15.142519,74.075003,28.666666666666668,163,423.6666666666667,83.20542666666667,9.153333333333334,6.2,9.683333333333332,30.41333333333333,17.67,3.9500000000000006,28.965716666666665
2026-08-03T11:20:00.000Z,MCT2408030,15.142519,74.075003,28.8125,163,428.25,83.56956874999999,8.694375,6.200000000000002,9.66375,30.680000000000003,18.045624999999998,4.46,28.9295225
2026-08-03T11:30:00.000Z,MCT2408030,15.142519,74.075003,29.066666666666666,163,431.1333333333333,83.79695599999998,8.972000000000003,6.200000000000002,9.870666666666668,31.021333333333327,18.176666666666666,4.116666666666666,29.010762666666665
2026-08-03T11:40:00.000Z,MCT2408030,15.142519,74.075003,28.8125,163,428.5625,83.54191,8.73,6.200000000000002,9.428750000000003,30.62125,18.400624999999998,4.118125,29.20837
2026-08-03T11:50:00.000Z,MCT2408030,15.142519,74.075003,28.666666666666668,163,427.4,83.57316066666667,8.754,6.200000000000002,9.432666666666668,30.04866666666667,17.797333333333334,3.9793333333333343,29.29390333333333
2026-08-03T12:00:00.000Z,MCT2408030,15.142519,74.075003,28.9375,163,429.375,83.139936875,8.578125,6.200000000000002,9.663125,30.736249999999995,18.16375,4.390625,29.392711875
2026-08-03T12:08:08.841Z,MCT2408030,15.142519,74.075003,28.153846153846153,163,431.15384615384613,82.82375846153847,8.826153846153845,6.200000000000002,9.370000000000001,28.915384615384614,16.747692307692308,4.4861538461538455,29.443396153846155
2026-08-03T11:10:00.000Z,MCT2408051,15.486528,74.033889,51,351.31666666666666,503.3333333333333,93.46441666666665,21.429999999999996,5.19,3.73,10.57,4.98,4.39,27.471353333333337
2026-08-03T11:20:00.000Z,MCT2408051,15.486528,74.033889,51.5625,360.315625,510,94.28028375000001,21.79,5.1899999999999995,3.7299999999999986,10.569999999999997,4.980000000000002,4.39,27.460851249999994
2026-08-03T11:30:00.000Z,MCT2408051,15.486528,74.033889,52.125,373.50125,508.375,95.005554375,22.146874999999998,5.1899999999999995,3.7299999999999986,10.569999999999997,4.980000000000002,4.39,27.574805
2026-08-03T11:40:00.000Z,MCT2408051,15.486528,74.033889,52.25,361.4462500000001,507.125,95.53388812500002,22.211249999999996,5.1899999999999995,3.7299999999999986,10.569999999999997,4.980000000000002,4.39,27.707526875
2026-08-03T11:50:00.000Z,MCT2408051,15.486528,74.033889,52.25,326.18,508.1875,95.85003374999998,22.189374999999995,5.1899999999999995,3.7299999999999986,10.569999999999997,4.980000000000002,4.39,27.676021875000004
2026-08-03T12:00:00.000Z,MCT2408051,15.486528,74.033889,51.6875,306.16249999999997,516.125,96.19907687500002,21.841874999999998,5.1899999999999995,3.7299999999999986,10.686249999999996,5.096250000000001,4.39,27.575473125
2026-08-03T12:08:08.991Z,MCT2408051,15.486528,74.033889,51.92307692307692,333.3192307692307,514.4615384615385,96.30372615384616,21.993846153846157,5.1899999999999995,3.729999999999999,10.665384615384612,5.075384615384617,4.39,27.535977692307686
2026-08-03T11:10:00.000Z,MCT2408023,15.499722,74.020833,42,150.51,500,87.09387000000001,10.91,18.215,10.775,37.36,25.375,5.005,28.62251
2026-08-03T11:20:00.000Z,MCT2408023,15.499722,74.020833,45.75,150.51,496.8125,87.601226875,9.208749999999998,20.75375,13.307499999999996,45.036249999999995,29.996874999999996,5.023750000000001,28.650665625
2026-08-03T11:30:00.000Z,MCT2408023,15.499722,74.020833,48.9375,150.81875000000002,487.4375,88.42377124999999,9.046874999999998,20.419375000000002,16.159374999999997,52.478125,33.53125000000001,4.863750000000001,28.790761875000005
2026-08-03T11:40:00.000Z,MCT2408023,15.499722,74.020833,57,150.51,498.4375,88.711303125,8.812499999999998,20.6575,21.704375000000002,69.180625,43.410625,4.698125,29.024034999999998
2026-08-03T11:50:00.000Z,MCT2408023,15.499722,74.020833,49.125,150.51,491.8125,87.8920975,10.296875,17.996875,15.843750000000002,52.558125,34.074999999999996,4.876250000000001,29.08302125
2026-08-03T12:00:00.000Z,MCT2408023,15.499722,74.020833,42,150.51,496.1875,88.31171499999999,9.690624999999999,17.961250000000003,10.694375,37.28125,25.374999999999996,4.999375,28.88125625
2026-08-03T12:08:09.033Z,MCT2408023,15.499722,74.020833,37.84615384615385,181.01230769230767,497,87.86972307692307,10.543846153846154,18.50769230769231,8.87076923076923,30.49461538461538,20.411538461538463,5.230769230769231,28.718213846153848
2026-08-03T11:10:00.000Z,MCT2408027,15.275556,74.1075,48.666666666666664,1138.8666666666666,478.6666666666667,80.91914666666666,6.580000000000001,12.71,21.366666666666664,66.04333333333334,35.24333333333334,2.9500000000000006,29.93097333333333
2026-08-03T11:20:00.000Z,MCT2408027,15.275556,74.1075,63.1875,1139.088125,509,81.9030225,6.579999999999999,12.47,28.168749999999996,90.74812499999999,50.456875,2.9500000000000006,29.838468124999995
2026-08-03T11:30:00.000Z,MCT2408027,15.275556,74.1075,39.1875,1136.911875,490.4375,82.48237999999998,6.579999999999999,12.210625000000002,14.79375,46.513124999999995,25.32,2.9500000000000006,29.884721875000004
2026-08-03T11:40:00.000Z,MCT2408027,15.275556,74.1075,39.8125,1140.205,481.6875,82.61970875,6.579999999999999,12.208125000000003,14.979374999999997,47.683749999999996,26.246875000000003,2.9500000000000006,29.995996875
2026-08-03T11:50:00.000Z,MCT2408027,15.275556,74.1075,30.375,1147.243125,530.4375,82.92154687499999,6.579999999999999,12.213125000000002,8.383125,29.078749999999996,17.230625,2.9500000000000006,30.10861125
2026-08-03T12:00:00.000Z,MCT2408027,15.275556,74.1075,52.5625,1122.5237499999998,506.5625,83.47134187500002,6.579999999999999,12.367500000000001,24.099999999999998,73.126875,38.66125,2.9500000000000006,30.0476125
2026-08-03T12:08:09.041Z,MCT2408027,15.275556,74.1075,53.53846153846154,1115.163076923077,504.84615384615387,84.20057076923078,6.579999999999999,12.683076923076927,24.578461538461536,75.14230769230768,39.98153846153846,2.95,29.765146153846153
2026-08-03T11:10:00.000Z,MCT2408040,15.528056,74.020833,19.333333333333332,100,417.6666666666667,85.14837666666666,8.336666666666666,4.876666666666666,3.07,8.42,3.73,3.5,28.307910000000003
2026-08-03T11:20:00.000Z,MCT2408040,15.528056,74.020833,19.3125,100,415.625,85.65954687500002,8.395625,4.775624999999999,3.07,8.42,3.7299999999999986,3.5,28.472361875
2026-08-03T11:30:00.000Z,MCT2408040,15.528056,74.020833,19.3125,100,418.6875,85.91465374999999,8.219375,4.674375,3.07,8.42,3.7299999999999986,3.5,28.834335
2026-08-03T11:40:00.000Z,MCT2408040,15.528056,74.020833,19.125,100,418.875,86.53883437499996,8.313125,4.6731250000000015,3.07,8.42,3.7299999999999986,3.5,29.082351875000004
2026-08-03T11:50:00.000Z,MCT2408040,15.528056,74.020833,19.0625,100,421.0625,86.572213125,8.218125,4.694375,3.07,8.42,3.7299999999999986,3.5,29.396731875
2026-08-03T12:00:00.000Z,MCT2408040,15.528056,74.020833,19.3125,100,427.1875,85.91322312500002,8.54,4.715,3.07,8.5075,3.8124999999999987,3.5,29.477840625000002
2026-08-03T12:08:09.041Z,MCT2408040,15.528056,74.020833,19.307692307692307,100,426.9230769230769,84.24399846153845,8.385384615384616,4.78923076923077,3.07,8.42,3.7315384615384604,3.5,29.25694230769231
2026-08-03T11:10:00.000Z,MCT2408049,15.475278,74.055833,56,150,458,80.99035666666667,23.453333333333333,10.183333333333334,6.13,20.430000000000003,12.019999999999998,2.61,29.258866666666666
2026-08-03T11:20:00.000Z,MCT2408049,15.475278,74.055833,56.3125,150,455.6875,82.38462812499999,23.821250000000003,10.648750000000001,7.091875000000001,23.507500000000004,13.523125000000004,2.61,28.955662500000003
2026-08-03T11:30:00.000Z,MCT2408049,15.475278,74.055833,56.53333333333333,150,458.8,83.65962666666668,24.089333333333336,10.098,7.565333333333334,24.768666666666665,14.014000000000003,2.61,28.951416666666667
2026-08-03T11:40:00.000Z,MCT2408049,15.475278,74.055833,56.625,150,456.3125,84.24572375,24.130625,10.63125,7.811250000000002,25.374999999999996,14.289375000000003,2.61,29.154745625
2026-08-03T11:50:00.000Z,MCT2408049,15.475278,74.055833,56.3125,150,470.6875,84.66677125000001,24.06375,11.558750000000003,9.103750000000002,29.398124999999997,16.349999999999998,2.61,29.153404375000004
2026-08-03T12:00:00.000Z,MCT2408049,15.475278,74.055833,56.625,150,468.375,85.43924687499998,24.131875000000004,11.991875000000002,11.067499999999999,34.28125,18.31625,2.61,29.01330875
2026-08-03T12:08:09.043Z,MCT2408049,15.475278,74.055833,56.38461538461539,150,469.53846153846155,85.76283538461539,23.99692307692308,11.703846153846154,11.02692307692308,34.29615384615384,18.35307692307692,2.61,29.057292307692304
2026-08-03T11:10:00.000Z,MCT2408044,15.313669,74.140042,25,214.29,439.6666666666667,85.15855,10.133333333333333,3.32,2.8699999999999997,7.5,4.32,4.753845666666667,28.89064
2026-08-03T11:20:00.000Z,MCT2408044,15.313669,74.140042,25,214.29,442.1875,85.95327750000001,10.321875000000002,3.32,2.8699999999999997,7.5625,4.3881250000000005,4.78373375,28.806176874999995
2026-08-03T11:30:00.000Z,MCT2408044,15.313669,74.140042,25,214.29,447.5625,86.62275562500001,10.410625000000001,3.42875,2.8699999999999997,7.59375,4.421875,4.3568908125,28.885279375
2026-08-03T11:40:00.000Z,MCT2408044,15.313669,74.140042,25,214.29,448,86.61083562499999,10.296249999999999,3.34625,3.5900000000000007,9.9375,6.011875,4.512339624999999,28.902037500000006
2026-08-03T11:50:00.000Z,MCT2408044,15.313669,74.140042,25,214.29,458,86.01335937500002,10.346250000000001,3.5806250000000004,3.4106249999999996,9.875,6.047499999999999,4.3715545,29.153404375
2026-08-03T12:00:00.000Z,MCT2408044,15.313669,74.140042,25.1875,214.29,451.75,86.20457062500002,10.514375,3.340625,2.8699999999999997,7.5,4.32,3.9405446875,29.184238749999995
2026-08-03T12:08:09.185Z,MCT2408044,15.313669,74.140042,25.076923076923077,214.29,463.2307692307692,87.59623769230767,10.466153846153846,3.32,2.87,7.538461538461538,4.361538461538462,4.403649,28.934367692307696
2026-08-03T11:10:00.000Z,MCT2408046,15.529167,74.07,32.25,237.04,645.25,90.73309499999999,13.3526675,10.6838245,5,12.25,5.4605265,3.835,26.51503
2026-08-03T11:20:00.000Z,MCT2408046,15.529167,74.07,32.96,237.04,634.8,91.1420284,13.9618052,7.69235308,5.025,13.36,6.2947370000000005,3.9204000000000008,26.782514399999997
2026-08-03T11:30:00.000Z,MCT2408046,15.529167,74.07,33,237.04,624,90.71936120000001,14.094760799999996,7,5,13.88,6.80000024,3.6763999999999997,27.331639999999993
2026-08-03T11:40:00.000Z,MCT2408046,15.529167,74.07,33.12,240.1756,636.52,90.30889880000001,14.086678399999997,7.396470720000001,5.075,15.12,7.7684212000000015,3.8496000000000006,27.790245599999988
2026-08-03T11:50:00.000Z,MCT2408046,15.529167,74.07,33.2,266.43080000000003,608.64,89.61767560000004,14.167802799999995,7.17588232,5.325,15.88,8.126315880000002,3.7304000000000004,28.2295456
2026-08-03T12:00:00.000Z,MCT2408046,15.529167,74.07,33.04,257.138,585.24,88.7607416,14.111931199999999,8.665294160000002,7,20.6,10.71579044,3.8056,28.703165600000002
2026-08-03T12:08:09.229Z,MCT2408046,15.529167,74.07,32.95238095238095,241.52523809523808,563.3333333333334,88.07297857142855,14.006809047619047,11.518908190476193,8.06547619047619,23.476190476190474,12.055138571428571,3.711904761904763,29.06530666666667
2026-08-03T11:10:00.000Z,MCT2408042,15.213889,74.071667,59.5,205.51999999999998,431,77.782195,25.725,15.73,6.37,21.43,12.3,4.8149999999999995,29.79691
2026-08-03T11:20:00.000Z,MCT2408042,15.213889,74.071667,59,204.05124999999998,438.875,79.43539062500001,25.350000000000005,16.289999999999996,7.336875,24.224999999999998,13.83875,4.729375000000001,29.761382499999993
2026-08-03T11:30:00.000Z,MCT2408042,15.213889,74.071667,59.125,161.113125,441.625,82.36555437499999,25.34375,16.271875,8.019375,27.018125,15.604375000000003,4.064375,29.699043125
2026-08-03T11:40:00.000Z,MCT2408042,15.213889,74.071667,59.375,176.50750000000005,448.375,83.751243125,25.58625,16.524375,6.711250000000001,23.996875,14.521875000000005,3.7862500000000003,29.725856874999998
2026-08-03T11:50:00.000Z,MCT2408042,15.213889,74.071667,59.1875,138.02625,443.9375,84.341568125,25.5,16.47125,7.279999999999999,25.136875000000003,14.864375000000003,3.33375,29.819031875
2026-08-03T12:00:00.000Z,MCT2408042,15.213889,74.071667,59.25,168.39000000000001,448.25,83.42508562500001,25.54,16.356875000000002,7.336875000000001,25.365000000000002,14.921249999999997,3.4343750000000006,29.881370624999995
2026-08-03T12:08:09.241Z,MCT2408042,15.213889,74.071667,58.84615384615385,152.79769230769233,454,82.96695769230769,25.232307692307696,16.608461538461537,7.699999999999999,26.798461538461538,15.770000000000003,3.7984615384615386,29.935099230769236
2026-08-03T11:10:00.000Z,MCT2408041,15.224628,74.171389,32.666666666666664,314.9307,444.3333333333333,80.09008666666666,13.633333333333333,9.7,8.09,23.22,11.86,8.376666666666667,30.234853333333334
2026-08-03T11:20:00.000Z,MCT2408041,15.224628,74.171389,32.375,410.67175,446.4375,80.00139562500001,13.43125,9.7,8.090000000000002,22.528125000000003,11.169374999999999,8.331249999999999,30.050961875000006
2026-08-03T11:30:00.000Z,MCT2408041,15.224628,74.171389,32.375,415.0028125,444.4375,78.86127937500001,13.499375,9.7,8.090000000000002,21.616875000000004,10.262500000000001,8.419374999999999,29.8116575
2026-08-03T11:40:00.000Z,MCT2408041,15.224628,74.171389,32.266666666666666,417.71831333333336,437.4,79.258484,13.469333333333335,9.7,8.090000000000002,22.14,10.781999999999998,8.185333333333336,29.714328666666674
2026-08-03T11:50:00.000Z,MCT2408041,15.224628,74.171389,33.1875,390.19649999999996,440.125,80.10248687500001,13.383750000000001,9.7,9.908125000000002,29.56500000000001,15.518124999999998,8.131250000000001,29.701725624999998
2026-08-03T12:00:00.000Z,MCT2408041,15.224628,74.171389,32.8125,322.90096875,440.625,80.85255062499998,13.736874999999998,9.7,8.090000000000002,23.388750000000005,12.029375,7.976874999999999,29.677593750000003
2026-08-03T12:08:09.242Z,MCT2408041,15.224628,74.171389,36.15384615384615,255.92626153846155,443,81.75916538461539,13.676923076923078,9.700000000000001,13.187692307692307,39.75230769230769,20.841538461538462,7.832307692307692,29.586946923076923
2026-08-03T11:10:00.000Z,MCT2408037,15.394444,74.118333,26.333333333333332,160,422,82.58489999999999,11.270000000000001,183.37,5.203333333333333,22.896666666666665,13.49,4.1466666666666665,30.084703333333334
2026-08-03T11:20:00.000Z,MCT2408037,15.394444,74.118333,26.125,160.49014375000002,418.875,82.57631874999998,11.217500000000001,183.79375,5.993125000000001,25.502500000000005,14.755625000000004,4.061875,29.966501249999997
2026-08-03T11:30:00.000Z,MCT2408037,15.394444,74.118333,25.9375,160.02556875,418.75,83.53428250000002,10.936874999999999,186.85249999999996,5.435625000000001,23.919374999999995,14.193125000000004,3.945,29.666197500000003
2026-08-03T11:40:00.000Z,MCT2408037,15.394444,74.118333,26,160.14965625,424.6875,83.99729124999999,11.136250000000002,184.52937500000002,5.296250000000001,23.4075,13.865000000000002,3.4543749999999998,29.497951250000003
2026-08-03T11:50:00.000Z,MCT2408037,15.394444,74.118333,26.9375,160,435.8125,84.538025,10.826250000000002,179.45999999999998,7.480625000000002,30.050625,16.818125000000002,3.5650000000000004,29.258644374999992
2026-08-03T12:00:00.000Z,MCT2408037,15.394444,74.118333,25.6875,160,433.125,84.70730187500001,10.971250000000001,145.0525,6.086250000000001,24.838125000000005,14.099375000000002,3.546875,29.068275
2026-08-03T12:08:09.239Z,MCT2408037,15.394444,74.118333,25.76923076923077,160,424.6923076923077,84.63662,11.033076923076921,138.56153846153845,5.890769230769232,24.342307692307696,14.009230769230772,3.3699999999999997,28.935190769230775
2026-08-03T11:10:00.000Z,MCT2408033,15.346944,74.007778,21.666666666666668,110,511,79.08555000000001,8.913333333333334,38.212853333333335,6.866666666666666,19.146666666666665,12.546666666666667,4.39,30.449353333333335
2026-08-03T11:20:00.000Z,MCT2408033,15.346944,74.007778,20.6875,110.71949375,499.875,80.06052312500002,8.629375000000001,41.228352500000014,6.665000000000001,18.3,11.690624999999999,4.39,30.296967500000004
2026-08-03T11:30:00.000Z,MCT2408033,15.346944,74.007778,19.8125,110,497.25,81.89587,7.87875,39.34205875,6.51375,18.139375,11.799999999999999,4.39,30.138103124999997
2026-08-03T11:40:00.000Z,MCT2408033,15.346944,74.007778,19.5625,110,504.0625,83.288235625,7.518124999999999,38.933549375000005,6.704375,18.7175,12.203124999999998,4.39,29.957788125
2026-08-03T11:50:00.000Z,MCT2408033,15.346944,74.007778,19.8125,110,511.9375,84.277195625,7.080625,43.815891249999986,7.2718750000000005,19.936249999999998,12.719999999999999,4.39,29.79489875
2026-08-03T12:00:00.000Z,MCT2408033,15.346944,74.007778,21.375,110,507.9375,85.15028375,8.033125,46.803465625,9.166874999999997,23.651875000000004,14.375000000000002,4.39,29.61123312499999
2026-08-03T12:08:09.381Z,MCT2408033,15.346944,74.007778,20,110,509.3076923076923,85.67363,7.553846153846153,46.23725923076923,7.923076923076922,21.103846153846153,13.211538461538462,4.39,29.53414769230769
2026-08-03T11:10:00.000Z,MCT2408024,15.148056,74.131667,39.25,219.00872499999997,464.75,75.7852025,16.3559075,5,6,22.74,13.74,2.575,30.483317500000002
2026-08-03T11:20:00.000Z,MCT2408024,15.148056,74.131667,39.52,219.35606800000002,504,75.74285839999999,16.700152400000007,5,6.4744,23.109600000000004,13.790000000000004,2.5303999999999998,30.518279200000002
2026-08-03T11:30:00.000Z,MCT2408024,15.148056,74.131667,39.76,219.70379599999995,552.36,75.60613959999996,16.8472644,5,6.4752,22.869200000000006,13.510000000000005,2.5324000000000004,30.534582
2026-08-03T11:40:00.000Z,MCT2408024,15.148056,74.131667,40,219.7470541666667,493.375,75.33983750000002,17.144994166666663,5.011724375,6.329999999999999,23.94708333333334,14.698333333333338,2.5149999999999997,30.618724583333332
2026-08-03T11:50:00.000Z,MCT2408024,15.148056,74.131667,39.8,219.20929600000002,533.04,75.48437559999998,16.9006076,5.02106784,6.9924,24.706400000000002,14.710000000000004,2.5039999999999996,30.577484799999997
2026-08-03T12:00:00.000Z,MCT2408024,15.148056,74.131667,40,219.134492,530.92,76.06359839999998,17.051596800000002,5.273881920000001,6.872800000000001,24.866400000000002,14.990000000000004,2.5064,30.55774999999999
2026-08-03T12:08:09.425Z,MCT2408024,15.148056,74.131667,40.5,218.37996000000004,569.3,76.520676,17.466089000000004,5.344156100000001,7.291499999999999,25.335000000000008,15.040000000000003,2.4915000000000003,30.684414499999995
2026-08-03T11:10:00.000Z,MCT2408022,15.475833,74.038889,29,150,434.3333333333333,85.38488666666666,4.9433333333333325,11.316263333333334,7.333333333333333,24.666666666666668,14.333333333333334,4.225860666666667,28.332939999999997
2026-08-03T11:20:00.000Z,MCT2408022,15.475833,74.038889,29.8125,150,429.125,86.15211875,4.890624999999999,11.442143125000001,7.625,26.1875,15.5,4.268031250000001,28.191496874999995
2026-08-03T11:30:00.000Z,MCT2408022,15.475833,74.038889,31.0625,150,425.125,87.42956437500001,4.560624999999999,11.379643749999998,8.5,28.75,16.6875,4.295769,28.149265624999998
2026-08-03T11:40:00.000Z,MCT2408022,15.475833,74.038889,32,150,432.9375,88.34270812500002,4.100625,11.603915625000003,9.1875,30.6875,17.625,4.229517125,28.187474374999997
2026-08-03T11:50:00.000Z,MCT2408022,15.475833,74.038889,32,150,429.9375,88.57445125000001,4.425,11.679466875,8.8125,30.25,17.75,4.2423396250000005,28.188816249999995
2026-08-03T12:00:00.000Z,MCT2408022,15.475833,74.038889,33.25,150,431.5,88.81048749999998,4.336875,11.49203,10.125,32.875,18.5,4.2084901875,28.200211874999994
2026-08-03T12:08:09.444Z,MCT2408022,15.475833,74.038889,35.61538461538461,150,431.15384615384613,89.08338384615384,3.8200000000000003,11.581865384615385,11.538461538461538,37.84615384615385,21.307692307692307,4.2414116153846155,28.313962307692307
2026-08-03T11:10:00.000Z,MCT2408045,15.619444,73.878889,28,178.12,544.3333333333334,82.25429000000001,11.676666666666668,16.906666666666666,4.363333333333333,16.349999999999998,9.236666666666666,2.53,29.99890333333333
2026-08-03T11:20:00.000Z,MCT2408045,15.619444,73.878889,27.75,178.11999999999995,539.25,82.37604437499999,11.471874999999999,17.279374999999998,4.216875000000001,15.970000000000002,9.15375,2.5300000000000002,30.111961875
2026-08-03T11:30:00.000Z,MCT2408045,15.619444,73.878889,27.625,178.11999999999995,534.4375,82.34695875,11.299375000000001,17.136875000000003,4.749375000000001,18.071875,10.353124999999999,2.5300000000000002,30.221222500000007
2026-08-03T11:40:00.000Z,MCT2408045,15.619444,73.878889,28,178.11999999999995,547.4375,82.29975250000001,11.764375,16.484375,4.499375000000001,17.145625000000003,9.895625,2.5300000000000002,30.173629999999996
2026-08-03T11:50:00.000Z,MCT2408045,15.619444,73.878889,28,178.11999999999995,555.625,82.651180625,11.931875,16.876875,4.625625000000001,17.573125,10.035,2.5300000000000002,30.062359375000003
2026-08-03T12:00:00.000Z,MCT2408045,15.619444,73.878889,28,178.11999999999995,553.1875,82.01174124999999,11.789375,17.053124999999994,4.405625000000001,16.504375,9.365,2.5300000000000002,29.753340624999996
2026-08-03T12:08:09.444Z,MCT2408045,15.619444,73.878889,28.23076923076923,178.11999999999995,550.7692307692307,81.74273230769231,12.08,17.31076923076923,4.336923076923077,16.013846153846153,8.96153846153846,2.5300000000000002,29.249517692307695
2026-08-03T11:10:00.000Z,MCT2408032,15.525556,73.828611,34.2,178.93,722.4,78.463502,13.959999999999999,44.122,7.12,19.342,9.344,2.7019999999999995,31.387442
2026-08-03T11:20:00.000Z,MCT2408032,15.525556,73.828611,35.28,183.00480000000005,736.2,78.01031479999997,14.986000000000006,44.04280000000001,7.120000000000002,18.4336,8.436800000000003,2.8508,31.353123600000004
2026-08-03T11:30:00.000Z,MCT2408032,15.525556,73.828611,35.36,181.6748,728.84,78.247742,15.064400000000003,44.0348,7.120000000000002,19.569999999999997,9.570400000000005,2.984799999999999,31.229571999999997
2026-08-03T11:40:00.000Z,MCT2408032,15.525556,73.828611,35.476190476190474,183.60666666666668,729.7619047619048,78.99472476190476,15.108571428571432,41.81333333333334,7.120000000000002,18.69285714285714,8.696190476190477,3.100952380952381,31.093880000000006
2026-08-03T11:50:00.000Z,MCT2408032,15.525556,73.828611,37.08,224.3716,715.68,77.1375116,16.523999999999997,44.275199999999984,7.860000000000003,20.8224,9.796800000000005,5.053999999999999,30.283185600000007
2026-08-03T12:00:00.000Z,MCT2408032,15.525556,73.828611,35.48,189.77440000000007,731.36,81.82074039999999,15.136000000000003,41.43240000000001,7.120000000000002,20.821999999999992,10.817600000000002,3.5456000000000008,29.331227199999997
2026-08-03T12:08:09.444Z,MCT2408032,15.525556,73.828611,34.5,178.95999999999998,741.1,82.97705150000002,14.270500000000002,41.402,7.120000000000002,20.835499999999996,10.830500000000004,2.7174999999999994,29.039719499999997
2026-08-03T11:10:00.000Z,MCT2408036,15.171567,74.067106,38,120,414,82.08390333333334,11.176666666666668,7.796666666666667,5.086666666666667,17.39,10.466666666666667,12.229999999999999,29.37327
2026-08-03T11:20:00.000Z,MCT2408036,15.171567,74.067106,37.1875,120,411.6875,82.33885375,11.817499999999999,7.636874999999999,5.723750000000001,19.881875000000004,11.99875,11.665625,29.442314375000002
2026-08-03T11:30:00.000Z,MCT2408036,15.171567,74.067106,37.13333333333333,120,410.53333333333336,82.61185733333332,11.347333333333333,7.563999999999999,5.404666666666666,18.641333333333332,11.246666666666666,11.69,29.579192666666664
2026-08-03T11:40:00.000Z,MCT2408036,15.171567,74.067106,36.5625,120,447.0625,83.28155937500001,10.963124999999998,7.693125,4.110625,14.404374999999998,8.834999999999999,11.239375,29.654803750000003
2026-08-03T11:50:00.000Z,MCT2408036,15.171567,74.067106,36.3125,120,406.8125,84.042113125,11.225624999999999,7.721874999999998,4.276250000000001,15.259375000000002,9.435624999999998,11.198125000000001,29.745966875000004
2026-08-03T12:00:00.000Z,MCT2408036,15.171567,74.067106,36.266666666666666,120,416.6,83.94089733333334,11.418000000000003,7.500666666666665,4.315333333333333,15.635999999999997,9.794,11.135333333333332,29.90165933333333
2026-08-03T12:08:09.575Z,MCT2408036,15.171567,74.067106,36.38461538461539,120,410.38461538461536,83.67707692307691,11.220769230769232,7.616923076923078,4.128461538461538,14.963846153846154,9.393076923076922,11.175384615384614,29.982126923076933
2026-08-03T11:10:00.000Z,MCT2408031,15.290833,74.149167,18.666666666666668,184.08686666666668,504.3333333333333,83.46481999999999,7.597832333333334,7.027745666666667,5.713333333333334,15.796666666666667,9.046666666666667,6.32,29.101566666666667
2026-08-03T11:20:00.000Z,MCT2408031,15.290833,74.149167,18.1875,157.40241875,505,83.57338500000002,7.7967955625,6.459708625,5.7418749999999985,15.896875,9.166875,6.028125,29.085031875
2026-08-03T11:30:00.000Z,MCT2408031,15.290833,74.149167,18,157.24348124999997,502.5625,83.58435000000003,7.842852499999999,6.652123937499999,5.891874999999998,16.549375,9.613124999999998,5.706250000000001,29.089724375
2026-08-03T11:40:00.000Z,MCT2408031,15.290833,74.149167,18.125,150.78723125,501.875,83.470385625,7.5851190625,6.4016216875000005,6.129375,16.8475,9.613125,5.4325,29.158767500000003
2026-08-03T11:50:00.000Z,MCT2408031,15.290833,74.149167,19.625,140,506.125,83.72835624999999,7.342562249999999,6.6083165625,7.320624999999998,20.246249999999993,11.606250000000003,5.088125,29.190942500000002
2026-08-03T12:00:00.000Z,MCT2408031,15.290833,74.149167,18.3125,141.87281875000002,499.4375,83.91813687500002,7.7591849999999996,6.775365999999998,6.308749999999999,17.555,10.05875,5.263125000000001,29.088385
2026-08-03T12:08:09.622Z,MCT2408031,15.290833,74.149167,17.76923076923077,166.44479230769232,505.6923076923077,84.32851076923076,7.896634692307692,6.533030153846155,5.933076923076923,16.556153846153844,9.559999999999999,5.153846153846154,28.919515384615384
2026-08-03T11:10:00.000Z,MCT2408038,15.188889,74.055556,33,409.1566666666667,644,80.72078333333333,14.386666666666665,13.33,5.95,16.9,7.94,4.8,29.913096666666664
2026-08-03T11:20:00.000Z,MCT2408038,15.188889,74.055556,33.4375,401.67937499999994,639.875,80.60411812499999,14.537499999999998,13.330000000000005,5.950000000000002,16.961875000000003,8.166875,4.7718750000000005,29.863270625000002
2026-08-03T11:30:00.000Z,MCT2408038,15.188889,74.055556,33.5625,400.88125,636.5,81.33034250000001,14.680000000000001,13.330000000000005,5.950000000000002,16.961875000000003,8.441874999999998,4.772499999999999,29.770766875
2026-08-03T11:40:00.000Z,MCT2408038,15.188889,74.055556,33.266666666666666,390.966,647.3333333333334,83.14133666666666,14.377999999999998,13.330000000000005,5.950000000000002,17.562666666666665,9.032666666666666,4.766666666666667,29.600642
2026-08-03T11:50:00.000Z,MCT2408038,15.188889,74.055556,33.3125,375.42562499999997,651.25,84.41356999999998,14.330000000000002,13.330000000000005,6.952500000000001,21.930625,11.850000000000001,4.76125,29.642736875000004
2026-08-03T12:00:00.000Z,MCT2408038,15.188889,74.055556,38.1875,335.461875,653.875,85.217518125,14.106875000000002,13.330000000000005,13.743124999999997,40.693749999999994,20.909375,4.679375,29.748647499999993
2026-08-03T12:08:09.653Z,MCT2408038,15.188889,74.055556,42,304.2984615384616,651.7692307692307,84.92653615384617,14.383846153846154,13.330000000000004,16.436923076923076,48.55538461538461,24.801538461538463,4.709230769230769,29.88559769230769
2026-08-03T11:10:00.000Z,MCT2408035,15.236111,74.125,52,190,542,77.88010666666666,23.533606666666667,72.77432999999999,3.7999999999999994,10.19,4.91,3.83,30.470803333333333
2026-08-03T11:20:00.000Z,MCT2408035,15.236111,74.125,53.8125,190,556.375,77.644389375,24.788412500000003,73.13387562499999,3.8474999999999993,10.968125,5.615000000000001,3.8299999999999987,30.449130000000007
2026-08-03T11:30:00.000Z,MCT2408035,15.236111,74.125,53.5,190,553.0625,77.35923937499999,24.526251875000003,71.88332187499998,3.799999999999999,10.496249999999998,5.214374999999999,3.8299999999999987,30.417623749999997
2026-08-03T11:40:00.000Z,MCT2408035,15.236111,74.125,51.75,190,521.5,78.439278125,23.138718750000002,73.293311875,3.799999999999999,10.473749999999997,5.189374999999999,3.8299999999999987,30.28490124999999
2026-08-03T11:50:00.000Z,MCT2408035,15.236111,74.125,51.6875,190,539.1875,79.88695500000001,23.0026975,75.216283125,3.799999999999999,10.708124999999997,5.423749999999999,3.8299999999999987,30.287583125000005
2026-08-03T12:00:00.000Z,MCT2408035,15.236111,74.125,52.1875,190,552.0625,80.821555625,23.371233750000002,77.29869312499999,3.799999999999999,10.543749999999998,5.26,3.8299999999999987,30.242001875000003
2026-08-03T12:08:09.652Z,MCT2408035,15.236111,74.125,51.23076923076923,190,562.2307692307693,81.89238461538463,22.77358076923077,75.57675307692307,3.7999999999999994,11.26307692307692,5.980769230769231,3.8299999999999987,30.00687769230769
2026-08-03T11:10:00.000Z,MCT2408039,15.163611,74.110833,29,320.67333333333335,442,79.62978,7.25,10.3,9.02,28.94,11.76,2.3,29.92025
2026-08-03T11:20:00.000Z,MCT2408039,15.163611,74.110833,29,311.68,440.875,79.61611124999997,7.49125,10.3,9.019999999999998,28.94,11.759999999999998,2.3,29.812326249999995
2026-08-03T11:30:00.000Z,MCT2408039,15.163611,74.110833,29,232.67125000000001,441.4375,79.79301749999999,8.078750000000001,10.3,9.019999999999998,28.94,11.759999999999998,2.3,29.760711249999993
2026-08-03T11:40:00.000Z,MCT2408039,15.163611,74.110833,29,281.90999999999997,436.25,79.73818125000001,7.904375,10.3,9.019999999999998,28.94,11.759999999999998,2.3,29.694352499999997
2026-08-03T11:50:00.000Z,MCT2408039,15.163611,74.110833,29,270.6025,428.5625,80.29035937499998,8.205,10.3,9.019999999999998,28.94,11.816249999999998,2.3,29.583080624999994
2026-08-03T12:00:00.000Z,MCT2408039,15.163611,74.110833,31.375,202.05812500000002,438.9375,80.88831437500001,9.7875,10.3,9.336250000000001,32.558125,14.360624999999997,2.3,29.55895000000001
2026-08-03T12:08:09.650Z,MCT2408039,15.163611,74.110833,30.23076923076923,224.9630769230769,432.7692307692308,81.36361153846154,9.20923076923077,10.299999999999999,9.366923076923074,30.926923076923078,13.025384615384613,2.3000000000000003,29.619947692307694
2026-08-03T14:40:00.000Z,MCT2408028,15.186944,74.096667,52.75,633.1393749999999,477.3125,93.52306812499998,17.049999999999997,12.736249999999998,20.910625000000003,68.54750000000001,38.58437499999999,1.41,26.963473125
2026-08-03T14:50:00.000Z,MCT2408028,15.186944,74.096667,61.08,619.7268000000001,483.12,93.77539040000002,17.086000000000002,12.5836,27.20840000000001,85.23359999999998,46.286800000000014,1.5591999999999997,26.909929599999995
2026-08-03T15:00:00.000Z,MCT2408028,15.186944,74.096667,52.36,630.0504,485,93.9398812,17.352800000000002,12.658,20.89560000000001,67.6944,37.89679999999999,1.4851999999999999,26.948109599999995
2026-08-03T15:10:00.000Z,MCT2408028,15.186944,74.096667,50,627.7451999999998,495.52,94.07629359999997,17.051199999999998,12.4844,19.13960000000001,62.245200000000025,34.914399999999986,1.8623999999999998,26.925373599999993
2026-08-03T15:20:00.000Z,MCT2408028,15.186944,74.096667,48.64,617.1451999999998,492.44,94.111084,16.8172,12.52,18.379200000000004,59.4208,33.2436,1.5299999999999998,26.909500799999996
2026-08-03T15:30:00.000Z,MCT2408028,15.186944,74.096667,46.6,622.3040000000001,484.4,94.08239679999998,17.0892,12.52,17.420000000000005,55.36480000000003,30.698399999999996,1.4811999999999999,26.89276879999999
2026-08-03T15:33:28.926Z,MCT2408028,15.186944,74.096667,46.75,625.73375,493.5,94.19493,17.10125,12.623749999999998,16.48,55.80875,32.18375,1.5675000000000001,26.910519999999998
2026-08-03T14:40:00.000Z,MCT2408020,15.543475,74.039433,30.4,180,613.1,88.48700000000001,8.826051199999998,18.604085,11.687999999999999,36.718,19.706,3.6599999999999993,28.049792000000004
2026-08-03T14:50:00.000Z,MCT2408020,15.543475,74.039433,30.4375,180,611.25,88.68603062499999,8.8059201875,19.344254375000002,11.653125,36.695625,19.752499999999994,3.6599999999999984,28.005149375
2026-08-03T15:00:00.000Z,MCT2408020,15.543475,74.039433,31.625,180,617.8125,88.78187687499998,9.046634687500001,19.7183925,12.58125,39.14062499999999,20.854374999999997,3.6599999999999984,28.000456875000005
2026-08-03T15:10:00.000Z,MCT2408020,15.543475,74.039433,29.75,180,620.125,88.63119499999999,8.883947625000001,19.143298125,11.362499999999997,35.588125000000005,19.112500000000004,3.6599999999999984,28.036654375000005
2026-08-03T15:20:00.000Z,MCT2408020,15.543475,74.039433,27.6875,180,610.875,88.298840625,8.97523975,19.207756875,9.79875,31.044999999999995,17.020625,3.6599999999999984,28.019896250000002
2026-08-03T15:30:00.000Z,MCT2408020,15.543475,74.039433,27.3125,180,615.25,88.39420750000001,9.328834312500002,19.892168749999996,9.4525,29.879374999999996,16.439375000000002,3.6599999999999984,27.948174374999997
2026-08-03T15:33:28.925Z,MCT2408020,15.543475,74.039433,27,180,625.4,88.48852400000001,9.124428400000001,19.841728,9.463999999999999,29.264000000000003,15.8,3.66,27.923238000000005
2026-08-03T14:40:00.000Z,MCT2408057,15.272222,74.104722,38.1764705882353,137.06999999999996,488.3529411764706,86.3466405882353,12.082941176470591,9.21764705882353,18.82470588235294,54.347647058823526,28.097647058823526,1.8611764705882354,29.09000176470588
2026-08-03T14:50:00.000Z,MCT2408057,15.272222,74.104722,31,218.56879999999998,486.56,86.51251200000003,12.05,9.285600000000002,13.825599999999998,40.18880000000001,20.831999999999997,1.9079999999999995,29.09484600000002
2026-08-03T15:00:00.000Z,MCT2408057,15.272222,74.104722,34.125,197.41625,489.5833333333333,86.70318250000003,12.133750000000001,9.141666666666667,16.189999999999998,46.38708333333333,23.79958333333333,1.9491666666666665,29.066264166666674
2026-08-03T15:10:00.000Z,MCT2408057,15.272222,74.104722,32.2,200.6316,496,86.62298600000003,12.282400000000003,9.085200000000002,14.684000000000003,42.3384,21.917600000000004,1.8608000000000002,29.07382560000001
2026-08-03T15:20:00.000Z,MCT2408057,15.272222,74.104722,30.96,196.67640000000003,495.2,86.63122680000001,12.287600000000003,9.1476,13.562800000000005,38.94520000000001,20.055999999999997,1.8744000000000003,29.106858000000006
2026-08-03T15:30:00.000Z,MCT2408057,15.272222,74.104722,29.2,206.04079999999993,503.08,86.6959224,12.2952,9.061600000000002,12.108799999999999,35.1248,18.152399999999997,1.7927999999999997,29.099566400000004
2026-08-03T15:33:28.955Z,MCT2408057,15.272222,74.104722,29.11111111111111,201.28666666666666,502.6666666666667,86.64967222222224,12.303333333333335,9.071111111111112,11.916666666666668,34.93111111111111,18.324444444444445,2.0155555555555558,29.13850888888889
2026-08-03T14:40:00.000Z,MCT2408055,15.585833,73.885556,23.1,95.16799999999999,680.5,88.31991500000001,8.347,21.608780000000003,8.25,25.921,15.338000000000003,1.6780000000000002,27.969355999999998
2026-08-03T14:50:00.000Z,MCT2408055,15.585833,73.885556,24.266666666666666,92.09133333333332,684.3333333333334,87.89750066666666,8.360000000000001,23.148854666666672,9.229999999999999,28.642666666666667,16.722666666666665,1.4773333333333334,28.114143333333338
2026-08-03T15:00:00.000Z,MCT2408055,15.585833,73.885556,24.533333333333335,91.19733333333335,689.9333333333333,87.4438073333333,8.469333333333333,26.548348666666673,9.556666666666665,29.300666666666665,16.949333333333332,1.4140000000000001,28.184212
2026-08-03T15:10:00.000Z,MCT2408055,15.585833,73.885556,23.125,92.05125000000001,701.3125,87.28985249999998,8.30875,29.943941249999998,8.740000000000002,26.111874999999998,14.781875000000001,1.356875,28.208924375
2026-08-03T15:20:00.000Z,MCT2408055,15.585833,73.885556,23.8125,88.25874999999998,702.6875,87.47486562499999,8.307500000000001,29.167463124999998,8.915000000000001,26.687499999999996,15.166250000000002,1.2493750000000001,28.149266875
2026-08-03T15:30:00.000Z,MCT2408055,15.585833,73.885556,24,86.336,710.2666666666667,87.481954,8.38266666666667,29.79643866666667,8.903333333333332,27.150000000000002,15.632666666666667,1.3046666666666664,28.13845266666667
2026-08-03T15:33:28.957Z,MCT2408055,15.585833,73.885556,24,91.714,705,87.68285999999999,8.400000000000002,29.606872,9.09,27.365999999999996,15.544,1.3760000000000001,28.049794
2026-08-03T14:40:00.000Z,MCT2408056,15.579167,73.920833,31.2,180,659.5,87.91326899999999,7.287000000000001,10.2678398,11.542,37.614,22.024,1.7559999999999998,28.559233999999996
2026-08-03T14:50:00.000Z,MCT2408056,15.579167,73.920833,29.1875,180,662.75,87.80817687500003,6.912499999999999,11.959799937500001,10.555,33.3575,19.212500000000002,1.713125,28.527328750000006
2026-08-03T15:00:00.000Z,MCT2408056,15.579167,73.920833,28.5,180,666.4375,87.69754687500001,7.138750000000001,15.623532500000001,9.791875000000001,31.592500000000005,18.625625000000003,1.8893749999999994,28.46499
2026-08-03T15:10:00.000Z,MCT2408056,15.579167,73.920833,28.3125,180,670.625,87.83726124999998,6.9643749999999995,10.485475,9.616874999999997,31.4225,18.567500000000003,1.5599999999999998,28.401979374999993
2026-08-03T15:20:00.000Z,MCT2408056,15.579167,73.920833,27.5,180,677.125,87.95408687499999,6.9325,14.322769999999998,8.738125,29.1425,17.749375,2.0156249999999996,28.37181375000001
2026-08-03T15:30:00.000Z,MCT2408056,15.579167,73.920833,29.375,180,684.625,88.17677125,7.061875000000001,10.6458330625,10.378749999999998,33.356875,19.446250000000003,1.5599999999999998,28.302100624999994
2026-08-03T15:33:28.957Z,MCT2408056,15.579167,73.920833,35.833333333333336,180,617.8333333333334,88.055175,6.745,10.235524333333332,14.700000000000001,46.598333333333336,26.866666666666664,1.7566666666666668,28.29182
2026-08-03T14:40:00.000Z,MCT2408053,15.263333,74.110833,43.63636363636363,357.65969999999993,605.5454545454545,91.59729545454546,13.645454545454545,24.74545454545455,18.867272727272727,62.22727272727273,38.868181818181824,6.336363636363637,28.040434545454545
2026-08-03T14:50:00.000Z,MCT2408053,15.263333,74.110833,41.8125,217.56685625,621.9375,91.91707812499997,14.801874999999999,25.701874999999998,15.151875,50.80125,32.22,6.275625000000001,28.005149375000002
2026-08-03T15:00:00.000Z,MCT2408053,15.263333,74.110833,38.3125,110,589,91.89752999999999,14.616875,25.8925,9.52625,32.754374999999996,21.291250000000005,6.336875000000001,27.987050624999995
2026-08-03T15:10:00.000Z,MCT2408053,15.263333,74.110833,41.5625,111.06841875,569.1875,91.73969624999998,17.323749999999997,24.226875,7.003749999999999,25.278125000000003,17.2025,6.666250000000001,27.966270624999996
2026-08-03T15:20:00.000Z,MCT2408053,15.263333,74.110833,40.5,110,598.125,91.8894225,16.519375,24.564375,7.575624999999999,26.25125,17.2725,6.405625,27.927394375000002
2026-08-03T15:30:00.000Z,MCT2408053,15.263333,74.110833,42.5,144.32783124999997,606.1875,91.89466749999998,18.151874999999997,24.452499999999993,6.141875000000001,22.240625,15.016874999999999,6.564375,27.864384374999997
2026-08-03T15:33:29.126Z,MCT2408053,15.263333,74.110833,40.6,131.34686,581.4,91.880552,16.614,24.291999999999998,5.142,20.418,14.435999999999998,6.720000000000001,27.854598
2026-08-03T14:40:00.000Z,MCT2408052,15.444425,74.063856,27.3,160.12824,575.1,89.45288199999999,3.5390878999999997,8,10.068999999999999,28.413,13.567000000000002,2,28.099127
2026-08-03T14:50:00.000Z,MCT2408052,15.444425,74.063856,29.8125,160,586.875,89.61967812500001,3.7174561875000007,8,11.685,32.693124999999995,15.425625000000004,2,28.002469374999997
2026-08-03T15:00:00.000Z,MCT2408052,15.444425,74.063856,27.0625,160,571,88.04134750000001,3.7585088750000004,8,9.679374999999999,27.153750000000006,12.880625000000002,2,27.75646250000001
2026-08-03T15:10:00.000Z,MCT2408052,15.444425,74.063856,25.5,160,594.75,88.21253124999998,3.6750878125000006,8,8.341249999999999,23.964374999999997,11.671875,2,27.399182500000002
2026-08-03T15:20:00.000Z,MCT2408052,15.444425,74.063856,25.3125,160,582.875,89.11709249999998,3.6918861875000006,8,8.111249999999998,23.361250000000002,11.435625,2,27.251712500000004
2026-08-03T15:30:00.000Z,MCT2408052,15.444425,74.063856,25.375,160,576.6875,89.66163999999998,3.729956312500001,8,8.259375,23.747500000000006,11.628749999999997,2,27.228920625
2026-08-03T15:33:29.127Z,MCT2408052,15.444425,74.063856,25,160,610.3333333333334,89.76161833333333,3.608655166666667,8,7.916666666666667,22.813333333333333,11.219999999999999,2,27.253276666666665
2026-08-03T14:40:00.000Z,MCT2408043,15.221111,74.087222,57,114.4172727272727,661.9090909090909,85.18444272727272,24.44636363636364,31.920909090909092,15.310909090909092,53.60636363636363,31.21,5.29,28.67711272727273
2026-08-03T14:50:00.000Z,MCT2408043,15.221111,74.087222,57,153.68266666666668,663.3333333333334,84.42154999999998,24.369333333333334,31.816666666666663,11.650666666666666,42.572,25.619999999999997,5.290000000000001,28.873481333333334
2026-08-03T15:00:00.000Z,MCT2408043,15.221111,74.087222,57,169.94500000000002,647.8125,84.01922624999999,24.300625,31.693749999999998,10.921875,41.0375,25.38,5.290000000000001,28.981134374999996
2026-08-03T15:10:00.000Z,MCT2408043,15.221111,74.087222,57,183.145625,653.375,84.115071875,24.31,32.34437500000001,11.95125,43.45125,26.099999999999998,5.290000000000001,28.923486875000002
2026-08-03T15:20:00.000Z,MCT2408043,15.221111,74.087222,56.9375,180.414375,639.6875,84.129375,24.309375000000003,32.03,10.921875,40.9575,25.299999999999997,5.290000000000001,28.936893750000003
2026-08-03T15:30:00.000Z,MCT2408043,15.221111,74.087222,57,177.958,639.7333333333333,84.263368,24.29933333333334,32.284,12.578666666666665,45.575333333333326,27.242666666666665,5.290000000000001,28.937116666666665
2026-08-03T15:33:29.156Z,MCT2408043,15.221111,74.087222,57,178.00333333333333,620.6666666666666,84.173085,24.310000000000002,32.06666666666667,11.82,43.98833333333334,26.686666666666667,5.29,28.97644166666667
2026-08-03T14:40:00.000Z,MCT2408051,15.486528,74.033889,51.54545454545455,351.72272727272724,520.7272727272727,97.26523999999999,21.76090909090909,5.1899999999999995,3.7299999999999995,10.569999999999999,4.980000000000001,4.39,27.024470000000004
2026-08-03T14:50:00.000Z,MCT2408051,15.486528,74.033889,51.75,350.68125000000003,514.8125,96.56147437499997,21.900625,5.1899999999999995,3.7299999999999986,10.569999999999997,4.980000000000002,4.501875,27.031175000000005
2026-08-03T15:00:00.000Z,MCT2408051,15.486528,74.033889,51.25,344.61875,517.875,95.54676437499995,21.5775,5.1899999999999995,3.7299999999999986,10.569999999999997,4.980000000000002,4.39,27.011735625
2026-08-03T15:10:00.000Z,MCT2408051,15.486528,74.033889,51.13333333333333,343.8959999999999,517.9333333333333,95.42313666666664,21.498666666666672,5.1899999999999995,3.771333333333332,10.817999999999996,5.187333333333336,4.39,26.950827333333333
2026-08-03T15:20:00.000Z,MCT2408051,15.486528,74.033889,50.8125,336.530625,525.0625,95.332663125,21.30375,5.1899999999999995,3.768749999999999,11.035624999999998,5.408125000000002,4.39,26.856223124999993
2026-08-03T15:30:00.000Z,MCT2408051,15.486528,74.033889,51.25,343.19312499999995,520,95.80950124999997,21.5775,5.1899999999999995,3.7299999999999986,10.686249999999996,5.096250000000001,4.39,26.803269375000003
2026-08-03T15:33:29.156Z,MCT2408051,15.486528,74.033889,51.166666666666664,341.33666666666664,521.5,96.09528666666667,21.528333333333332,5.19,3.73,10.57,4.98,4.39,26.765283333333333
2026-08-03T14:40:00.000Z,MCT2408021,15.500556,74.053333,49.72727272727273,375,514.0909090909091,89.2647818181818,21.322727272727274,14.989456363636362,8.961818181818183,28.144545454545458,18.008181818181818,4.2681818181818185,27.660177272727275
2026-08-03T14:50:00.000Z,MCT2408021,15.500556,74.053333,49.5625,375,517,89.49522437499998,21.189375000000002,14.871537499999999,13.80875,40.868749999999984,24.940625000000004,4.155625,27.715569999999996
2026-08-03T15:00:00.000Z,MCT2408021,15.500556,74.053333,49.4,375,523.0666666666667,89.584616,21.11733333333333,14.662372,16.475333333333328,48.404666666666664,29.333333333333336,4.087999999999999,27.70444266666667
2026-08-03T15:10:00.000Z,MCT2408021,15.500556,74.053333,49.4375,383.769375,524.1875,89.67928312499997,21.16125,14.602796875000003,11.995625,36.495,22.738750000000003,4.075,27.704846249999996
2026-08-03T15:20:00.000Z,MCT2408021,15.500556,74.053333,49.375,375,518.9375,89.57390187500002,21.06875,14.383187500000002,8.661249999999999,26.305624999999992,16.3975,4.161875,27.704173750000002
2026-08-03T15:30:00.000Z,MCT2408021,15.500556,74.053333,49.375,375,523.1875,89.48282812499998,21.101249999999997,14.42459875,8.035,25.38125,16.188125,4.1225000000000005,27.718250625000003
2026-08-03T15:33:29.154Z,MCT2408021,15.500556,74.053333,49.2,375,523,89.547486,21.056,14.432988,8.190000000000001,24.958000000000002,15.522,4.236,27.702297999999995
2026-08-03T14:40:00.000Z,MCT2408034,15.356389,74.123611,53.5,180,454.5625,78.99622312499997,15.199999999999996,4.434374999999999,23.3,71.97687499999999,37.740624999999994,1.410625,30.898913750000006
2026-08-03T14:50:00.000Z,MCT2408034,15.356389,74.123611,58.68,224.69945200000006,458.56,79.17669599999998,15.199999999999994,3.9692000000000003,26.758399999999998,82.4532,42.9444,2.7376,30.924118000000007
2026-08-03T15:00:00.000Z,MCT2408034,15.356389,74.123611,54.88,198.491904,466.56,79.15686,15.199999999999994,4.339199999999999,23.989200000000004,74.05040000000001,38.668400000000005,2.1516,30.94513840000001
2026-08-03T15:10:00.000Z,MCT2408034,15.356389,74.123611,47.625,180,458.0416666666667,79.07410750000001,19.81,4.784583333333333,14.620833333333337,47.477916666666665,25.82416666666667,1.2316666666666667,30.782278750000003
2026-08-03T15:20:00.000Z,MCT2408034,15.356389,74.123611,49.36,180.768868,441.72,78.29473920000002,24.111200000000004,4.7828,8.819600000000001,29.445999999999998,16.578799999999998,1.4403999999999997,30.5714776
2026-08-03T15:30:00.000Z,MCT2408034,15.356389,74.123611,56.8,182.513136,435.04,78.1876212,30.478000000000005,7.234799999999999,8.163999999999998,27.571199999999997,15.639199999999999,1.6676,30.434194400000003
2026-08-03T15:33:29.320Z,MCT2408034,15.356389,74.123611,54.125,180,439.5,78.65003875,28.251250000000002,7.085000000000001,10.026250000000001,32.94125,18.283749999999998,1.35125,30.4015375
2026-08-03T14:40:00.000Z,MCT2408050,15.553611,73.958333,27.818181818181817,86.02999999999999,511.1818181818182,90.57357,11.606363636363636,4.088181818181818,9.407272727272726,31.69272727272728,17.78272727272727,2.1218181818181816,27.944884545454542
2026-08-03T14:50:00.000Z,MCT2408050,15.553611,73.958333,27.8125,86.02999999999999,519.5625,90.38643125000003,11.460625000000002,4.13625,8.905,30.484374999999996,17.381875,2.5100000000000002,27.927394999999994
2026-08-03T15:00:00.000Z,MCT2408050,15.553611,73.958333,28.125,86.02999999999999,517.5,90.11463562499999,11.80375,4.0675,8.745625,29.787499999999998,17.009999999999998,2.50125,27.93476937499999
2026-08-03T15:10:00.000Z,MCT2408050,15.553611,73.958333,27.6875,86.02999999999999,499.375,90.15707437500001,11.426250000000001,4.116250000000001,8.958125,30.806249999999995,17.594375000000003,2.4037500000000005,27.909966250000004
2026-08-03T15:20:00.000Z,MCT2408050,15.553611,73.958333,27.866666666666667,86.02999999999999,515.8666666666667,90.15681999999997,11.604000000000001,4.112666666666667,8.876666666666669,29.311999999999994,16.33,2.5473333333333334,27.873901999999998
2026-08-03T15:30:00.000Z,MCT2408050,15.553611,73.958333,27.875,86.02999999999999,529.875,90.16708625,11.551875,4.088125,8.533750000000001,28.875625,16.478749999999998,2.5168749999999998,27.859691250000004
2026-08-03T15:33:29.319Z,MCT2408050,15.553611,73.958333,28,86.02999999999999,542.6666666666666,89.87605833333333,11.815,4.14,7.913333333333334,28.626666666666665,17.01,2.3933333333333335,27.90750833333333
2026-08-03T14:40:00.000Z,MCT2408029,15.333611,74.206944,17,532.8590727272727,656.7272727272727,92.62171636363637,4.378181818181819,7.99,6.201818181818182,19.864545454545453,11.336363636363636,3.5,27.626050909090907
2026-08-03T14:50:00.000Z,MCT2408029,15.333611,74.206944,16.5625,524.0999437500001,657.6875,92.42968000000002,3.690625,7.155,6.064374999999999,18.895625000000006,10.6625,3.528125,27.655243125000005
2026-08-03T15:00:00.000Z,MCT2408029,15.333611,74.206944,17.1875,543.579675,661.6875,92.72865625,2.613749999999999,7.380000000000001,6.54375,20.088749999999997,10.99125,3.55375,27.598265
2026-08-03T15:10:00.000Z,MCT2408029,15.333611,74.206944,17.133333333333333,549.45714,659.8666666666667,92.779296,2.4466666666666663,7.409999999999999,6.430666666666667,19.88466666666666,11.058666666666666,3.5,27.631513999999992
2026-08-03T15:20:00.000Z,MCT2408029,15.333611,74.206944,18.75,546.39569375,661.375,93.12776875000003,3.01125,7.833124999999999,7.501874999999999,23.51875,13.19875,3.574375,27.53458375000001
2026-08-03T15:30:00.000Z,MCT2408029,15.333611,74.206944,15,490.48564999999996,644.875,91.73063625000002,2.2375000000000003,9.640625,4.817499999999999,15.498125,9.0075,4.0775,27.383093749999997
2026-08-03T15:33:29.348Z,MCT2408029,15.333611,74.206944,14.8,483.4425,631.8,91.46856600000001,2.396000000000001,7.994,4.5920000000000005,15.26,9.175999999999998,4.122,26.975137999999998
2026-08-03T14:40:00.000Z,MCT2408030,15.142519,74.075003,51.3,163,423.5,84.99578999999999,8.84,6.200000000000001,24.65,73.54,40.608000000000004,3.8010000000000006,27.782740999999994
2026-08-03T14:50:00.000Z,MCT2408030,15.142519,74.075003,45.1875,163,432.3125,85.03822625000001,8.795000000000002,6.200000000000002,20.501875000000002,61.358125,33.959999999999994,4.05125,27.784616875
2026-08-03T15:00:00.000Z,MCT2408030,15.142519,74.075003,49.8,163,436.3333333333333,85.09090066666666,8.705333333333334,6.200000000000002,23.181333333333335,70.55999999999999,39.69466666666666,3.9526666666666666,27.788102000000002
2026-08-03T15:10:00.000Z,MCT2408030,15.142519,74.075003,149.5,178.69650000000001,440.375,85.23897500000002,9.10875,6.200000000000002,69.47,216.924375,124.41875,3.1006250000000004,27.78729749999999
2026-08-03T15:20:00.000Z,MCT2408030,15.142519,74.075003,47.266666666666666,163,438.73333333333335,85.29028266666666,8.926,6.200000000000002,21.308,63.808666666666674,35.214000000000006,3.3193333333333332,27.79954266666666
2026-08-03T15:30:00.000Z,MCT2408030,15.142519,74.075003,36.6875,163,433.125,85.298579375,9.10375,6.200000000000002,13.355625000000002,42.53999999999999,24.791874999999997,3.8412500000000005,27.849636249999996
2026-08-03T15:33:29.348Z,MCT2408030,15.142519,74.075003,35.833333333333336,163,427.1666666666667,85.29587666666667,8.888333333333334,6.2,12.966666666666667,41.05833333333334,23.821666666666662,3.5883333333333334,27.886055
2026-08-03T14:40:00.000Z,MCT2408027,15.275556,74.1075,50.3,1121.5409999999997,563.5,90.05255399999999,6.58,12.757000000000005,22.091,67.027,35.373,2.9499999999999997,28.189218
2026-08-03T14:50:00.000Z,MCT2408027,15.275556,74.1075,50.8125,1121.6393749999997,541.3125,90.23098437499999,6.579999999999999,12.805625000000003,22.3125,67.951875,35.879374999999996,2.9500000000000006,28.1921675
2026-08-03T15:00:00.000Z,MCT2408027,15.275556,74.1075,48.0625,1125.676875,551.8125,90.318243125,6.579999999999999,12.680625000000004,20.154999999999998,61.66875,32.66937500000001,2.9500000000000006,28.215628125000006
2026-08-03T15:10:00.000Z,MCT2408027,15.275556,74.1075,46.4375,1135.8306249999998,560.625,90.47464874999999,6.579999999999999,12.741875000000006,19.231250000000003,58.65062499999999,31.186875,2.9500000000000006,28.189484999999994
2026-08-03T15:20:00.000Z,MCT2408027,15.275556,74.1075,46.75,1131.3431249999999,558.8125,90.53854499999998,6.579999999999999,12.653750000000002,19.291875,59.019375,31.248749999999998,2.9500000000000006,28.182780624999996
2026-08-03T15:30:00.000Z,MCT2408027,15.275556,74.1075,42.125,1136.41875,562.5625,90.59338125,6.579999999999999,12.680625000000004,15.533124999999998,49.03812500000001,26.741250000000004,2.9500000000000006,28.174740000000007
2026-08-03T15:33:29.508Z,MCT2408027,15.275556,74.1075,39.5,1143.6833333333334,566.3333333333334,90.652985,6.579999999999999,12.71,13.97166666666667,43.86333333333334,23.716666666666665,2.9499999999999997,28.15061
2026-08-03T14:40:00.000Z,MCT2408040,15.528056,74.020833,18.6,100,458.8,88.39468399999998,7.814,4.742000000000001,4.055999999999999,12.28,6.102,3.5,27.918946999999996
2026-08-03T14:50:00.000Z,MCT2408040,15.528056,74.020833,18.9375,100,456.0625,88.51627812499999,8.027500000000002,4.782500000000001,3.4675000000000007,10.61625,5.351249999999999,3.5,27.905943750000006
2026-08-03T15:00:00.000Z,MCT2408040,15.528056,74.020833,19,100,462.1875,88.52342937499998,8.096875,4.813125,3.6487499999999997,11.054375000000002,5.486249999999998,3.5,27.918008125000004
2026-08-03T15:10:00.000Z,MCT2408040,15.528056,74.020833,18.75,100,461.25,88.66934312499998,7.879375000000001,4.805,3.5737499999999986,10.901874999999999,5.40625,3.5,27.892536875000005
2026-08-03T15:20:00.000Z,MCT2408040,15.528056,74.020833,18.8125,100,467.25,88.66791187499997,7.975,4.821250000000001,3.34625,10.154375,5.0075,3.5,27.924043125000004
2026-08-03T15:30:00.000Z,MCT2408040,15.528056,74.020833,19,100,466,88.58398625,8.175625,4.869375,3.586874999999999,11.054375,5.609375,3.5,27.974985625
2026-08-03T15:33:29.509Z,MCT2408040,15.528056,74.020833,18.8,100,466.8,88.61212,8.032,4.838,3.976,11.860000000000001,5.818,3.5,27.979008
2026-08-03T14:40:00.000Z,MCT2408044,15.313669,74.140042,25.454545454545453,214.29,478.6363636363636,92.54472818181817,10.662727272727272,3.3409090909090904,5.903636363636363,16.318181818181817,9.680909090909092,3.9128205454545455,27.46420181818182
2026-08-03T14:50:00.000Z,MCT2408044,15.313669,74.140042,25.625,214.29,475.75,92.59132812500002,10.719999999999999,3.32,5.82,16.21875,9.763749999999998,4.13485575,27.4648725
2026-08-03T15:00:00.000Z,MCT2408044,15.313669,74.140042,25.25,214.29,481.75,92.53601437500002,10.646875,3.3525,5.46,15.4375,9.3925,4.1582529375,27.47291625
2026-08-03T15:10:00.000Z,MCT2408044,15.313669,74.140042,25.3125,214.29,482.3125,92.73485375,10.638125000000002,3.32,5.7475000000000005,16.09375,9.69625,3.823477687500001,27.468223125
2026-08-03T15:20:00.000Z,MCT2408044,15.313669,74.140042,25.625,214.29,493.5,93.04337000000001,10.809999999999999,3.4168749999999997,5.7837499999999995,15.84375,9.3925,3.7703525625,27.499059375
2026-08-03T15:30:00.000Z,MCT2408044,15.313669,74.140042,25.25,214.29,493.75,93.06530374999998,10.620624999999997,3.32,5.820625,16.0625,9.62875,3.9906248750000004,27.41862
2026-08-03T15:33:29.536Z,MCT2408044,15.313669,74.140042,25.2,214.29000000000002,497.6,93.143984,10.564,3.3659999999999997,5.864,16.1,9.622,3.8266666000000003,27.341938
2026-08-03T14:40:00.000Z,MCT2408049,15.475278,74.055833,56.45454545454545,150,485.09090909090907,87.29362181818182,24.114545454545453,13.691818181818183,11.639999999999999,36.28090909090909,19.39090909090909,2.61,28.10478363636364
2026-08-03T14:50:00.000Z,MCT2408049,15.475278,74.055833,56.5625,150,481.1875,87.806743125,24.086875000000003,14.98625,9.486875000000001,30.163124999999997,16.590625,2.61,28.054752499999992
2026-08-03T15:00:00.000Z,MCT2408049,15.475278,74.055833,56.8125,150,472.0625,87.23120125,24.259374999999995,15.323749999999999,8.146250000000002,26.189375,14.625625000000001,2.61,28.092960624999996
2026-08-03T15:10:00.000Z,MCT2408049,15.475278,74.055833,56.46666666666667,150,470.8666666666667,86.05678333333331,24.047333333333334,14.506666666666668,8.33066666666667,26.45466666666666,14.577333333333337,2.61,28.000458000000002
2026-08-03T15:20:00.000Z,MCT2408049,15.475278,74.055833,56.5,150,468,85.78733812499999,23.9075,13.268125000000001,8.719375000000001,26.9075,14.432500000000001,2.61,27.89253875
2026-08-03T15:30:00.000Z,MCT2408049,15.475278,74.055833,56.5,150,476.75,86.28610999999997,24.17625,11.52,8.43375,25.998125,14.050625,2.61,27.861032499999993
2026-08-03T15:33:29.536Z,MCT2408049,15.475278,74.055833,56.666666666666664,154.05648333333332,477.1666666666667,86.50005166666666,24.031666666666666,11.955,8.05,25.535,14.066666666666668,2.61,27.816346666666664
2026-08-03T14:40:00.000Z,MCT2408023,15.499722,74.020833,52.9,165.326,498.1,90.291353,9.533000000000001,19.512999999999998,16.35,54.586,35.525,5.013,27.794537000000002
2026-08-03T14:50:00.000Z,MCT2408023,15.499722,74.020833,49.3125,169.09624999999997,487.6875,90.21906312499996,9.66875,19.408125000000002,14.495624999999997,47.96812499999999,30.903124999999996,5.130625,27.823495000000005
2026-08-03T15:00:00.000Z,MCT2408023,15.499722,74.020833,50.5625,169.70937500000002,495.8125,89.88337,10.028749999999999,18.910000000000004,15.049375,49.8675,32.353125,5.218125,27.780593125000006
2026-08-03T15:10:00.000Z,MCT2408023,15.499722,74.020833,61.1875,170.63500000000002,507.4375,89.88909125000002,9.2775,18.592500000000005,23.05125,71.95125,44.58875000000001,4.894375,27.765174374999997
2026-08-03T15:20:00.000Z,MCT2408023,15.499722,74.020833,48.5625,170.57750000000001,513.8125,89.93439312500001,9.806249999999997,17.368125000000003,13.783124999999998,46.068125,30.0875,4.948124999999999,27.750425625000005
2026-08-03T15:30:00.000Z,MCT2408023,15.499722,74.020833,47.4,169.48799999999997,518.3333333333334,90.02406866666665,9.887333333333332,17.161999999999995,12.926666666666668,43.652,28.80666666666667,4.9446666666666665,27.743051999999995
2026-08-03T15:33:29.684Z,MCT2408023,15.499722,74.020833,48.333333333333336,170.5533333333333,517.6666666666666,90.07950833333332,9.791666666666666,18.111666666666665,13.940000000000003,45.805,29.483333333333334,5.123333333333333,27.728753333333334
2026-08-03T14:40:00.000Z,MCT2408046,15.529167,74.07,31.9375,305.2725,446.25,85.455459375,14.035076874999998,15.455882437500001,14.765625,41.5,20.328948124999997,3.5549999999999997,29.277413749999997
2026-08-03T14:50:00.000Z,MCT2408046,15.529167,74.07,31.92,343.13840000000005,460.44,84.2783212,14.129924399999998,18.644706799999998,12.65,35.2,17.136842,3.468,29.685584
2026-08-03T15:00:00.000Z,MCT2408046,15.529167,74.07,31.2,240.12,497.4,84.22216840000002,13.495455600000003,24.921764399999994,10.225,29.2,14.5684216,3.7352000000000003,29.6242376
2026-08-03T15:10:00.000Z,MCT2408046,15.529167,74.07,31.24,237.04,445.16,84.22857679999998,13.613383599999999,21.18000159999999,12.075,33.96,16.6947376,3.6472,29.571041600000004
2026-08-03T15:20:00.000Z,MCT2408046,15.529167,74.07,31.12,237.04,457.56,83.12567080000001,13.481756000000003,24.774118800000007,10.625,30.52,15.2842108,3.795200000000001,29.8228656
2026-08-03T15:30:00.000Z,MCT2408046,15.529167,74.07,31.04,237.04,468.08,83.05151319999999,13.422666000000003,24.911764399999996,11.075,31.32,15.431579999999999,3.7344000000000004,29.760659999999998
2026-08-03T15:33:29.696Z,MCT2408046,15.529167,74.07,31,237.04000000000002,443.44444444444446,82.07203555555556,13.484499999999999,27.129084444444445,9.583333333333334,27.333333333333332,13.625731111111111,3.755555555555555,30.106152222222217
2026-08-03T14:40:00.000Z,MCT2408037,15.394444,74.118333,30.7,160,459.2,86.02041899999998,10.688999999999998,213.359,10.26,38.187,20.165,3.217,27.880335999999993
2026-08-03T14:50:00.000Z,MCT2408037,15.394444,74.118333,30.9375,160,458.0625,86.01431499999998,10.445625000000001,211.94374999999997,10.592499999999998,38.741249999999994,20.098125000000003,3.2512499999999998,27.895888750000005
2026-08-03T15:00:00.000Z,MCT2408037,15.394444,74.118333,30.6875,160,462.75,86.21982937499999,10.469999999999999,216.96812500000001,10.5,38.1775,19.676875000000003,3.4068750000000003,27.8717575
2026-08-03T15:10:00.000Z,MCT2408037,15.394444,74.118333,26.1875,160.18249375,438.125,85.24660562499999,10.728125000000002,216.609375,6.829375000000001,25.35125,13.396250000000004,4.084375,27.720935625000003
2026-08-03T15:20:00.000Z,MCT2408037,15.394444,74.118333,25.6875,161.58590625,425.8125,85.801166875,10.960625000000002,213.325625,4.968750000000001,20.495624999999993,11.52125,4.0725,26.964144999999995
2026-08-03T15:30:00.000Z,MCT2408037,15.394444,74.118333,25.125,160.197025,424.5,86.66519624999998,10.33375,215.10374999999996,5.574375000000001,21.61875,11.802500000000002,4.1125,26.715455624999993
2026-08-03T15:33:29.701Z,MCT2408037,15.394444,74.118333,24.666666666666668,160,428.3333333333333,86.74164833333333,10.071666666666665,214.875,5.946666666666666,23.033333333333335,12.615,3.7550000000000003,26.833210000000005
2026-08-03T14:40:00.000Z,MCT2408042,15.213889,74.071667,59.5,200.74099999999999,444.1,84.985107,25.7,16.466,9.828,32.012,18.04,3.343,29.101924000000004
2026-08-03T14:50:00.000Z,MCT2408042,15.213889,74.071667,59.0625,153.2925,445.75,84.68155374999999,25.42,16.544375,8.246875,27.644375000000004,15.945000000000002,3.7193750000000003,29.152734374999998
2026-08-03T15:00:00.000Z,MCT2408042,15.213889,74.071667,59.25,218.55562500000002,451.25,84.15274000000001,25.54,16.45,7.4506250000000005,25.193125,14.750625,4.034375,29.20703
2026-08-03T15:10:00.000Z,MCT2408042,15.213889,74.071667,59.4375,212.77875000000003,445.4375,84.09885812499999,25.669375,16.610625000000002,7.393750000000001,25.365625,14.864375,4.0912500000000005,29.26266750000001
2026-08-03T15:20:00.000Z,MCT2408042,15.213889,74.071667,59.75,231.12125,447.75,84.3496725,25.881875,16.136875,7.4506250000000005,25.479999999999997,14.863750000000003,4.016875000000001,29.282105
2026-08-03T15:30:00.000Z,MCT2408042,15.213889,74.071667,59.25,226.85625000000005,450.8125,84.37304,25.574375,16.110000000000003,7.109375,24.79375,14.693124999999998,4.053125,29.27406000000001
2026-08-03T15:33:29.724Z,MCT2408042,15.213889,74.071667,60,221.68666666666664,450.6666666666667,83.864095,26.053333333333338,16.095,7.431666666666666,25.688333333333336,15.035000000000002,4.035,29.282104999999998
2026-08-03T14:40:00.000Z,MCT2408041,15.224628,74.171389,41.1,224.81479999999996,464.5,90.52252100000001,13.616,9.700000000000001,18.355999999999995,55.80899999999999,29.278999999999996,7.5920000000000005,27.862104999999996
2026-08-03T14:50:00.000Z,MCT2408041,15.224628,74.171389,36.625,180.74658125,467.625,90.53520625,13.668125000000002,9.7,15.716249999999999,47.28375,24.66875,7.692499999999998,27.899910625
2026-08-03T15:00:00.000Z,MCT2408041,15.224628,74.171389,37.4375,252.0326875,472.0625,90.75264437499999,13.788749999999999,9.7,16.170625,48.49875,25.124375,7.70625,27.8831525
2026-08-03T15:10:00.000Z,MCT2408041,15.224628,74.171389,32.9375,309.03059375,486.4375,90.75693500000001,13.810625000000003,9.7,11.978124999999997,36.75375,19.359375000000004,7.64,27.870416249999998
2026-08-03T15:20:00.000Z,MCT2408041,15.224628,74.171389,32.9375,290.74546250000003,488.25,90.77839312500001,13.7825,9.7,11.623749999999998,36.095625,19.258125000000003,7.775,27.8516475
2026-08-03T15:30:00.000Z,MCT2408041,15.224628,74.171389,33.1875,243.60827500000005,480.5,90.72498999999999,13.746250000000003,9.7,12.636249999999999,38.728125000000006,20.4225,7.671875000000002,27.8482975
2026-08-03T15:33:29.724Z,MCT2408041,15.224628,74.171389,33.666666666666664,232.26758333333336,491,90.81447666666668,13.68,9.700000000000001,12.939999999999998,40.23,21.570000000000004,7.699999999999999,27.828858333333333
2026-08-03T14:40:00.000Z,MCT2408033,15.346944,74.007778,21.6,110,524.6,86.729949,9.479,38.230425000000004,6.302000000000001,17.436,11.235000000000003,4.39,28.891714999999998
2026-08-03T14:50:00.000Z,MCT2408033,15.346944,74.007778,22,110,513.5,86.13113875,9.538125,40.5318175,6.894375000000002,19.23125,12.461874999999997,4.39,28.985155625
2026-08-03T15:00:00.000Z,MCT2408033,15.346944,74.007778,23.375,110,502.125,86.25988250000002,10.887500000000001,40.611823124999994,6.439375000000001,18.0125,11.72625,4.39,28.973090624999998
2026-08-03T15:10:00.000Z,MCT2408033,15.346944,74.007778,25.625,110,501.375,86.13066125,12.715000000000002,40.011296875,6.970625000000001,19.487499999999997,12.609374999999998,4.39,29.047495625
2026-08-03T15:20:00.000Z,MCT2408033,15.346944,74.007778,20.875,110,496.4375,86.64326125,8.765625,45.66924062499999,6.021875000000001,17.020625000000003,11.176250000000001,4.39,28.90941125
2026-08-03T15:30:00.000Z,MCT2408033,15.346944,74.007778,20.75,110,499.75,87.02282249999998,8.56875,51.316833124999995,6.55375,17.948750000000004,11.47,4.39,28.843716250000003
2026-08-03T15:33:29.870Z,MCT2408033,15.346944,74.007778,24.166666666666668,110,529,87.20068500000001,11.591666666666667,52.90914,6.16,16.665000000000003,10.686666666666667,4.39,28.808411666666668
2026-08-03T14:40:00.000Z,MCT2408045,15.619444,73.878889,28,178.11999999999998,567.5454545454545,85.4916990909091,11.765454545454544,16.688181818181818,6.451818181818182,22.654545454545453,12.02727272727273,2.5300000000000002,27.83958363636364
2026-08-03T14:50:00.000Z,MCT2408045,15.619444,73.878889,27.6875,178.11999999999995,569.25,85.68434062499999,11.5275,16.925625,7.204999999999998,25.235,13.325624999999995,2.5300000000000002,27.706856874999996
2026-08-03T15:00:00.000Z,MCT2408045,15.619444,73.878889,27.875,178.11999999999995,567.75,85.84551124999997,11.63625,17.1775,7.768749999999998,26.951249999999998,14.066874999999996,2.5300000000000002,27.650550624999994
2026-08-03T15:10:00.000Z,MCT2408045,15.619444,73.878889,28.066666666666666,178.11999999999995,576.2666666666667,85.76025533333332,11.652000000000003,17.483333333333334,7.684666666666666,26.957999999999995,14.25,2.5300000000000002,27.670840000000002
2026-08-03T15:20:00.000Z,MCT2408045,15.619444,73.878889,27.9375,178.11999999999995,582.0625,85.92514562500001,11.71125,17.146250000000002,7.925624999999999,27.414374999999996,14.348749999999995,2.5300000000000002,27.680714375
2026-08-03T15:30:00.000Z,MCT2408045,15.619444,73.878889,27.875,178.11999999999995,584.8125,86.06676562499997,11.69875,17.87625,7.487499999999998,25.733750000000004,13.289374999999996,2.5300000000000002,27.64585687499999
2026-08-03T15:33:29.886Z,MCT2408045,15.619444,73.878889,27.666666666666668,178.12,584.6666666666666,86.12112499999999,11.366666666666665,17.703333333333333,7.381666666666667,26.043333333333333,13.665,2.53,27.666191666666666
2026-08-03T14:40:00.000Z,MCT2408024,15.148056,74.131667,42.23529411764706,202.38042352941176,609.7647058823529,80.26556529411765,17.780820588235294,6.281300647058824,19.74705882352941,60.0229411764706,31.621764705882363,2.456470588235294,28.583397058823525
2026-08-03T14:50:00.000Z,MCT2408024,15.148056,74.131667,40.958333333333336,202.41129583333336,618.875,80.83776875000001,17.631712083333337,6.253006500000001,16.69666666666667,51.92791666666668,27.89625000000001,2.4483333333333337,28.50274791666666
2026-08-03T15:00:00.000Z,MCT2408024,15.148056,74.131667,41.6,201.96196799999998,620.68,81.1234116,17.812081199999998,6.9264072,14.348800000000006,44.89400000000001,24.219200000000004,2.4484000000000004,28.49252439999999
2026-08-03T15:10:00.000Z,MCT2408024,15.148056,74.131667,53.08,185.45095200000003,517.4,81.28729200000001,17.9022796,6.085714479999999,27.05920000000001,80.71160000000003,41.887200000000014,2.4528,28.53670999999998
2026-08-03T15:20:00.000Z,MCT2408024,15.148056,74.131667,41.24,208.67411999999996,547.44,81.39013559999998,18.078494400000004,5.5861474399999995,12.070000000000004,39.17520000000001,21.822800000000008,2.4715999999999996,28.54786479999999
2026-08-03T15:30:00.000Z,MCT2408024,15.148056,74.131667,41.166666666666664,213.97181250000003,577.9166666666666,81.41378666666667,18.0166375,5.263348000000001,7.906666666666669,27.522916666666674,16.44791666666667,2.485,28.609552499999996
2026-08-03T15:33:29.885Z,MCT2408024,15.148056,74.131667,40.888888888888886,212.91310000000001,585.7777777777778,81.2879,17.851022222222223,5.058521777777778,7.767777777777779,26.64888888888889,15.767777777777773,2.477777777777778,28.75240555555556
2026-08-03T14:40:00.000Z,MCT2408022,15.475833,74.038889,39.3,150,435.2,89.997619,4.252999999999999,11.645781000000001,13.9,44.1,24,4.243185800000001,27.657253999999995
2026-08-03T14:50:00.000Z,MCT2408022,15.475833,74.038889,35.0625,150,435.0625,89.676421875,4.421250000000001,11.680533749999999,11.1875,35.75,19.6875,4.272502125,27.678032499999993
2026-08-03T15:00:00.000Z,MCT2408022,15.475833,74.038889,37.53333333333333,150,430.53333333333336,89.10752466666665,4.585999999999999,11.542100666666668,13.133333333333333,40.8,21.733333333333334,4.282133866666667,27.621502
2026-08-03T15:10:00.000Z,MCT2408022,15.475833,74.038889,37.125,150,430.5,88.688414375,4.936249999999999,11.28859125,12.375,39.625,21.75,4.270345,27.392480000000003
2026-08-03T15:20:00.000Z,MCT2408022,15.475833,74.038889,38.75,150,431.9375,89.09182000000001,4.573125,11.366277499999999,13.4375,42.5625,23.1875,4.299723749999999,27.135074375000006
2026-08-03T15:30:00.000Z,MCT2408022,15.475833,74.038889,35.375,150,436.1875,89.41129937500001,4.623125,11.134788749999998,11,35.125,19.375,4.257245625,27.091503749999998
2026-08-03T15:33:29.916Z,MCT2408022,15.475833,74.038889,33.8,150,440,90.014406,3.8059999999999996,11.61245,9.8,32,18.2,4.273186000000001,27.035198
2026-08-03T14:40:00.000Z,MCT2408032,15.525556,73.828611,34.875,178.92999999999998,718.125,87.71328125,14.64,40.476875,7.120000000000002,21.68874999999999,11.680625000000004,2.5912499999999996,28.428121250000004
2026-08-03T14:50:00.000Z,MCT2408032,15.525556,73.828611,35.15384615384615,178.92999999999998,735.6538461538462,87.71449384615383,14.958461538461544,40.893076923076926,7.120000000000003,21.82576923076923,11.815769230769234,2.4730769230769223,28.445138076923072
2026-08-03T15:00:00.000Z,MCT2408032,15.525556,73.828611,34.24,178.92999999999995,754.88,87.84490999999997,14.15,41.197199999999995,7.176800000000002,22.186799999999998,12.062800000000003,2.498,28.467643600000006
2026-08-03T15:10:00.000Z,MCT2408032,15.525556,73.828611,34.72,178.92999999999995,747.08,87.86260919999997,14.533200000000004,40.391999999999996,7.233600000000003,22.642,12.4024,2.4968000000000004,28.489093200000006
2026-08-03T15:20:00.000Z,MCT2408032,15.525556,73.828611,34.96,178.92999999999995,735.04,87.92394999999996,14.75,40.788799999999995,7.120000000000002,23.3252,13.3068,2.5920000000000005,28.5242712
2026-08-03T15:30:00.000Z,MCT2408032,15.525556,73.828611,34.68,178.92999999999995,752.6,88.019774,14.533200000000004,41.797599999999996,7.176800000000003,22.244,12.1184,2.6376,28.505824000000004
2026-08-03T15:33:29.915Z,MCT2408032,15.525556,73.828611,34.77777777777778,178.93000000000004,757.6666666666666,87.99329222222221,14.527777777777779,42.672222222222224,7.12,23.38666666666667,13.37111111111111,2.655555555555556,28.545054444444443
2026-08-03T14:40:00.000Z,MCT2408036,15.171567,74.067106,36.5,120,488.4,88.01244999999999,10.343,7.956999999999999,4.843000000000001,16.919999999999998,10.233,11.306000000000001,28.014401
2026-08-03T14:50:00.000Z,MCT2408036,15.171567,74.067106,36.2,120,508.8666666666667,87.65336066666666,10.528,7.882666666666666,5.086666666666665,16.785333333333334,9.862,11.136000000000001,28.101273999999997
2026-08-03T15:00:00.000Z,MCT2408036,15.171567,74.067106,35.75,120,513.5625,88.06852749999999,10.589999999999998,7.884375000000001,4.933749999999998,16.4,9.688750000000002,10.811875,28.070169999999997
2026-08-03T15:10:00.000Z,MCT2408036,15.171567,74.067106,36.375,120,512.625,88.53582812499998,10.475,7.6450000000000005,5.129999999999999,16.779999999999998,9.815625,11.276250000000001,28.0225775
2026-08-03T15:20:00.000Z,MCT2408036,15.171567,74.067106,35.4,120,464.6666666666667,88.35679066666667,10.990000000000002,8.096,4.808000000000001,15.770666666666667,9.187333333333333,10.674000000000001,28.11557266666666
2026-08-03T15:30:00.000Z,MCT2408036,15.171567,74.067106,35.875,120,460.9375,88.69699999999999,10.6,7.71625,5.065,17.03375,10.1325,10.9475,28.0775425
2026-08-03T15:33:30.056Z,MCT2408036,15.171567,74.067106,36.6,120,474.4,87.942262,10.296000000000001,7.675999999999999,5.4719999999999995,19.25,11.752,11.357999999999999,28.335082
2026-08-03T14:40:00.000Z,MCT2408031,15.290833,74.149167,24.636363636363637,140,560.2727272727273,87.24923454545457,6.930282454545455,6.561997636363636,10.303636363636365,28.024545454545454,15.80090909090909,4.288181818181818,27.654328181818176
2026-08-03T14:50:00.000Z,MCT2408031,15.290833,74.149167,24.875,146.566525,554,87.25742812500002,7.241474750000001,6.4454291249999995,10.685625000000003,28.64187499999999,16.101875000000003,4.246874999999999,27.647198124999996
2026-08-03T15:00:00.000Z,MCT2408031,15.290833,74.149167,22.9375,140,555.25,87.26935000000002,7.305479062499999,6.043807375,9.22625,25.026250000000005,14.168750000000001,4.3725000000000005,27.643846249999996
2026-08-03T15:10:00.000Z,MCT2408031,15.290833,74.149167,23,140,554.8,87.29071266666669,6.942004333333332,6,9.268666666666666,25.043333333333337,14.064,4.335999999999999,27.626506666666668
2026-08-03T15:20:00.000Z,MCT2408031,15.290833,74.149167,24.0625,140,559,87.37329875,7.265624874999999,6.0723665,10.178749999999999,27.256874999999994,15.149375000000003,4.360625000000001,27.582177499999997
2026-08-03T15:30:00.000Z,MCT2408031,15.290833,74.149167,24.75,140,550.8125,87.44672999999999,7.4705710624999995,6.028559125,10.357499999999998,27.5825,15.267500000000005,4.385625,27.551341250000004
2026-08-03T15:33:30.080Z,MCT2408031,15.290833,74.149167,29.5,140,555.1666666666666,87.51730500000001,7.350788166666667,6,14.046666666666667,37.175000000000004,20.555,4.285,27.54464
2026-08-03T14:40:00.000Z,MCT2408035,15.236111,74.125,46.90909090909091,190,581.5454545454545,88.92145545454547,18.97067636363636,66.4757609090909,7.22,22.092727272727274,11.80090909090909,3.8299999999999987,28.368037272727282
2026-08-03T14:50:00.000Z,MCT2408035,15.236111,74.125,46.4375,190,567.875,89.033645,18.511089374999997,66.65650062499998,8.5325,26.038125,13.890000000000002,3.8299999999999987,28.347015000000003
2026-08-03T15:00:00.000Z,MCT2408035,15.236111,74.125,46.25,190,599.0625,89.26109874999997,18.471561875,65.96051499999999,6.982499999999999,21.814999999999998,11.863750000000001,3.8299999999999987,28.30075875
2026-08-03T15:10:00.000Z,MCT2408035,15.236111,74.125,46.4,190,607.6666666666666,89.42134533333335,18.576387333333336,66.97870666666665,7.094666666666666,22.29,12.178666666666667,3.8299999999999987,28.298614
2026-08-03T15:20:00.000Z,MCT2408035,15.236111,74.125,46.5,190,596.125,89.42608312500002,18.627346875,65.96051624999998,7.818124999999999,23.961875,12.853749999999998,3.8299999999999987,28.338970000000003
2026-08-03T15:30:00.000Z,MCT2408035,15.236111,74.125,46.5625,190,587.6875,89.41225562499999,18.637228750000002,68.04292562499998,6.199999999999999,19.505,10.706875000000002,3.8299999999999987,28.302100625
2026-08-03T15:33:30.089Z,MCT2408035,15.236111,74.125,47,190,604,89.50476166666665,18.877106666666666,64.20067999999999,4.306666666666667,14.151666666666666,8.05,3.8299999999999996,28.259646666666665
2026-08-03T14:40:00.000Z,MCT2408039,15.163611,74.110833,29.5,196.04699999999997,453.5,84.455628,11.239,10.299999999999999,9.019999999999998,29.456,12.370000000000001,2.3000000000000003,27.926454999999997
2026-08-03T14:50:00.000Z,MCT2408039,15.163611,74.110833,29.0625,204.94937500000003,442.25,84.580940625,11.661249999999999,10.3,9.019999999999998,29.004375000000003,11.82875,2.3,27.912646250000005
2026-08-03T15:00:00.000Z,MCT2408039,15.163611,74.110833,29,224.77624999999995,442.375,84.71492999999998,11.430625,10.3,9.019999999999998,28.94,11.778749999999999,2.3,27.965601249999995
2026-08-03T15:10:00.000Z,MCT2408039,15.163611,74.110833,29,180.803125,453.25,84.63148437500001,11.384999999999996,10.3,9.019999999999998,28.94,11.778749999999999,2.3,28.060115625
2026-08-03T15:20:00.000Z,MCT2408039,15.163611,74.110833,29.125,269.38937500000003,453.1875,84.86227437499998,10.354999999999999,10.3,9.019999999999998,29.06875,11.89125,2.3,28.04134625
2026-08-03T15:30:00.000Z,MCT2408039,15.163611,74.110833,29.875,236.26125,454.1875,85.11738249999999,10.193749999999998,10.3,9.124999999999998,29.84375,12.399375,2.3,27.966941874999996
2026-08-03T15:33:30.114Z,MCT2408039,15.163611,74.110833,29.833333333333332,206.48499999999999,457.3333333333333,85.34038333333335,10.886666666666665,10.299999999999999,9.113333333333332,30.145,12.578333333333333,2.3000000000000003,27.934319999999996
2026-08-03T14:40:00.000Z,MCT2408038,15.188889,74.055556,44,233.32999999999998,644.3,89.34149499999998,14.176000000000002,13.330000000000002,17.217000000000002,50.3,25.407000000000004,4.659,28.204233
2026-08-03T14:50:00.000Z,MCT2408038,15.188889,74.055556,50,233.32999999999996,633,89.331193125,14.158750000000001,13.330000000000005,20.55625,61.878750000000004,32.44875,4.690625000000001,28.172726875000002
2026-08-03T15:00:00.000Z,MCT2408038,15.188889,74.055556,52.6875,234.96374999999995,600.5,89.49999249999999,13.635,13.330000000000005,21.796250000000004,66.2275,34.79125,4.675625,28.145244375000008
2026-08-03T15:10:00.000Z,MCT2408038,15.188889,74.055556,48.4375,237.28874999999996,626.6875,89.66450000000003,14.190624999999999,13.330000000000005,19.819999999999997,58.025624999999984,29.453125000000007,4.686875,28.160661874999995
2026-08-03T15:20:00.000Z,MCT2408038,15.188889,74.055556,46.5,233.32999999999996,617.75,89.94392687499996,13.865625000000001,13.330000000000005,18.61875,54.113749999999996,27.213749999999997,4.6568749999999985,28.19283625
2026-08-03T15:30:00.000Z,MCT2408038,15.188889,74.055556,44.5,233.73812499999997,632.3125,89.94535937500002,14.17375,13.330000000000005,17.186875,50.13625000000001,25.318750000000005,4.646875,28.204903125000005
2026-08-03T15:33:30.115Z,MCT2408038,15.188889,74.055556,38.833333333333336,259.70666666666665,624.8333333333334,89.73109833333335,14.013333333333334,13.33,13.01,38.43666666666667,19.933333333333334,4.718333333333333,28.195295
2026-08-03T16:40:00.000Z,MCT2408028,15.186944,74.096667,41.142857142857146,612.4957142857141,462.6666666666667,91.14398904761904,17.055714285714288,13.592380952380953,11.273809523809524,39.25190476190477,23.29047619047619,0.9666666666666667,27.38810619047619
2026-08-03T16:50:00.000Z,MCT2408028,15.186944,74.096667,50.4,611.8051999999998,460.76,90.32843000000001,16.619599999999995,13.925999999999998,17.938800000000004,60.853199999999994,35.07319999999999,0.6676000000000001,27.286167999999996
2026-08-03T17:00:00.000Z,MCT2408028,15.186944,74.096667,45.333333333333336,611.6991666666668,451.0833333333333,89.48346208333332,16.793333333333333,14.254583333333336,14.7725,50.00708333333335,28.705833333333334,0.5850000000000001,27.075417083333324
2026-08-03T17:10:00.000Z,MCT2408028,15.186944,74.096667,43.52,612.7008000000002,458.76,90.1508172,17.012400000000003,14.141600000000006,13.462000000000003,47.290400000000005,27.8356,0.5576000000000001,26.8820448
2026-08-03T17:20:00.000Z,MCT2408028,15.186944,74.096667,49.44,612.4863999999999,463.92,91.4270632,17.086000000000002,13.912,17.058400000000006,57.67279999999999,33.08519999999999,0.8752000000000001,26.739616399999996
2026-08-03T17:30:00.000Z,MCT2408028,15.186944,74.096667,61.24,611.4540000000001,460.4,91.46337879999999,17.047600000000006,13.974400000000003,25.490000000000013,81.45439999999998,45.09440000000001,0.8819999999999999,26.635793600000003
2026-08-03T17:31:43.286Z,MCT2408028,15.186944,74.096667,58.25,614.2825,448.75,91.8279125,17.25,14.24,23.47,75.32,41.752500000000005,0.985,26.61692
2026-08-03T16:40:00.000Z,MCT2408056,15.579167,73.920833,36.23076923076923,180,717.9230769230769,89.25533923076924,7.0030769230769225,11.70332176923077,14.943076923076923,46.30846153846154,26.17,1.56,28.079659230769234
2026-08-03T16:50:00.000Z,MCT2408056,15.579167,73.920833,46.9375,180,692.3125,89.3936575,6.699374999999999,13.183979000000003,22.51937499999999,67.735625,37.488125,1.7274999999999998,28.052743750000005
2026-08-03T17:00:00.000Z,MCT2408056,15.579167,73.920833,46.9375,181.37115625,715.4375,89.61443312500002,6.210000000000001,35.021710375,22.285624999999992,66.825625,36.786875,3.017500000000001,28.013193124999997
2026-08-03T17:10:00.000Z,MCT2408056,15.579167,73.920833,42.5,180,717.6875,89.53050999999998,6.866250000000001,11.489876874999998,19.178749999999997,57.889375,31.984375000000004,1.6212499999999996,28.0185575
2026-08-03T17:20:00.000Z,MCT2408056,15.579167,73.920833,39,180,737.1875,89.64113500000003,6.817500000000001,11.859888,16.949999999999992,51.05812499999999,28.175000000000004,1.5631249999999999,28.037995000000002
2026-08-03T17:30:00.000Z,MCT2408056,15.579167,73.920833,38.125,180,735,89.618725625,6.984375,12.1718015,15.835625,47.983749999999986,26.651875000000004,1.599375,28.058105625000007
2026-08-03T17:31:43.286Z,MCT2408056,15.579167,73.920833,32.333333333333336,180,723.6666666666666,89.37506,7.0566666666666675,11.290296666666668,11.886666666666665,36.733333333333334,20.62,1.5599999999999998,28.07911
2026-08-03T16:40:00.000Z,MCT2408020,15.543475,74.039433,25.923076923076923,180,638.6153846153846,88.75766692307693,9.278466538461538,20.04661538461538,8.850769230769231,26.74307692307692,14.083076923076923,3.659999999999999,27.677876923076926
2026-08-03T16:50:00.000Z,MCT2408020,15.543475,74.039433,26.5,180,639.5,88.86150749999999,9.257439125000001,20.107680625,9.279375,28.192499999999995,15.044375000000002,3.6599999999999984,27.706855624999996
2026-08-03T17:00:00.000Z,MCT2408020,15.543475,74.039433,26.375,180,643.875,88.98071687499998,9.3985388125,20.115256875,9.336875,28.076874999999994,14.811875000000002,3.6599999999999984,27.69143937500001
2026-08-03T17:10:00.000Z,MCT2408020,15.543475,74.039433,26.25,180,644,89.19386249999998,9.2834485625,20.144961875,9.279375,28.076249999999995,14.928125000000003,3.6599999999999984,27.694120625000004
2026-08-03T17:20:00.000Z,MCT2408020,15.543475,74.039433,26.625,180,646.25,89.210074375,9.589445625000003,20.150010625000004,9.336249999999998,28.658124999999995,15.335,3.6599999999999984,27.731656249999993
2026-08-03T17:30:00.000Z,MCT2408020,15.543475,74.039433,26.4375,180,647.75,89.2262875,9.3116685,19.949054374999996,9.4525,29.007499999999993,15.5675,3.6599999999999984,27.746406249999996
2026-08-03T17:31:43.286Z,MCT2408020,15.543475,74.039433,26,180,656.5,89.119475,9.5307955,20.23408,9.28,27.96,14.87,3.66,27.802045
2026-08-03T16:40:00.000Z,MCT2408055,15.585833,73.885556,24.153846153846153,89.61461538461539,701.3846153846154,88.20834846153846,8.246923076923075,27.497064615384616,9.036153846153848,27.380000000000003,15.677692307692308,1.480769230769231,27.87505692307693
2026-08-03T16:50:00.000Z,MCT2408055,15.585833,73.885556,23.9375,93.06812500000001,692,87.86253250000001,8.37125,26.954914999999996,8.74,26.726874999999996,15.379375,1.408125,27.932086249999998
2026-08-03T17:00:00.000Z,MCT2408055,15.585833,73.885556,23.066666666666666,96.552,687.3333333333334,87.66048133333334,8.302666666666667,25.379136666666668,8.296666666666667,25.000666666666664,14.40533333333333,1.5566666666666664,27.933960666666668
2026-08-03T17:10:00.000Z,MCT2408055,15.585833,73.885556,22.25,97.64125,689.0625,87.57643250000001,8.395000000000001,27.513121874999996,7.339999999999999,23.06625,13.674999999999999,1.644375,27.926723125000002
2026-08-03T17:20:00.000Z,MCT2408055,15.585833,73.885556,22.25,97.849375,690.75,87.78671687500002,8.27375,25.462788125,7.427499999999999,23.066875,13.459999999999999,1.7243750000000002,27.83288
2026-08-03T17:30:00.000Z,MCT2408055,15.585833,73.885556,22.25,92.431875,699.25,88.49911187500001,8.5125,27.096853125000003,7.558749999999998,23.149374999999996,13.5475,1.55375,27.765845
2026-08-03T17:31:43.308Z,MCT2408055,15.585833,73.885556,21.666666666666668,96.72333333333334,707,88.83082999999999,8.366666666666667,27.90712666666667,7.223333333333334,22.146666666666665,12.949999999999998,1.5933333333333335,27.735903333333336
2026-08-03T16:40:00.000Z,MCT2408057,15.272222,74.104722,29.285714285714285,321.8614285714286,465.57142857142856,85.25337095238093,12.342380952380953,9.040476190476191,7.491904761904765,23.80095238095238,13.336190476190476,2.3590476190476193,29.202179047619047
2026-08-03T16:50:00.000Z,MCT2408057,15.272222,74.104722,29,341.12039999999996,467.64,84.1983644,12.556399999999998,8.9524,4.982399999999998,16.623999999999995,9.786000000000003,2.6296000000000004,29.079831999999996
2026-08-03T17:00:00.000Z,MCT2408057,15.272222,74.104722,29.04,343.4659999999999,457.68,83.84954919999998,12.574799999999998,8.9544,4.5996,15.561999999999996,9.144,2.806800000000001,28.790251999999995
2026-08-03T17:10:00.000Z,MCT2408057,15.272222,74.104722,29,334.48839999999996,467.72,83.90570080000002,12.5944,8.917600000000002,4.886399999999998,16.284799999999997,9.5212,2.7140000000000004,28.634524800000005
2026-08-03T17:20:00.000Z,MCT2408057,15.272222,74.104722,29,326.62280000000004,457.68,84.12451200000004,12.507200000000001,8.946000000000002,5.101199999999999,16.555599999999995,9.498400000000002,2.6100000000000008,28.61049999999999
2026-08-03T17:30:00.000Z,MCT2408057,15.272222,74.104722,29,332.44520000000006,474.84,84.78338680000003,12.5244,8.991200000000001,5.1956,16.465199999999996,9.2776,2.5540000000000003,28.6032076
2026-08-03T17:31:43.290Z,MCT2408057,15.272222,74.104722,29,304.7,472,84.6562825,12.5675,9.03,5.3625,17.2425,9.825,2.625,28.625192499999997
2026-08-03T16:40:00.000Z,MCT2408053,15.263333,74.110833,45.15384615384615,232.52946153846153,549.5384615384615,90.62628153846154,20.43923076923077,24.449230769230763,4.802307692307692,17.053076923076926,11.367692307692307,7.202307692307693,27.79173076923077
2026-08-03T16:50:00.000Z,MCT2408053,15.263333,74.110833,47.75,244.75999374999998,556.9375,89.44706500000002,22.646250000000002,23.893749999999997,4.590000000000002,15.61875,10.220625000000002,7.389375,27.749756875000003
2026-08-03T17:00:00.000Z,MCT2408053,15.263333,74.110833,47.5,236.50268125000002,579.25,88.70653562499999,22.34625,25.248125,4.590000000000002,14.703750000000005,9.163125,7.480625,27.68808625
2026-08-03T17:10:00.000Z,MCT2408053,15.263333,74.110833,47.0625,216.56461249999998,562.25,88.02179687499999,22.0475,24.568125000000002,4.590000000000002,15.009375,9.516875,7.542499999999999,27.54464
2026-08-03T17:20:00.000Z,MCT2408053,15.263333,74.110833,39.875,155.60599375,561.6875,88.24066562499999,15.990625000000001,24.478750000000005,5.739999999999999,19.44625,12.408124999999998,7.598125,27.434038125
2026-08-03T17:30:00.000Z,MCT2408053,15.263333,74.110833,42.5,157.08685624999998,566.3125,88.98977624999999,18.068750000000005,24.833750000000002,5.164375000000002,17.9275,11.843125,7.34,27.362985625
2026-08-03T17:31:43.508Z,MCT2408053,15.263333,74.110833,42.333333333333336,190.59309999999996,604.6666666666666,89.54545,18.23,24.72,5.510000000000001,18.47,11.28,6.846666666666667,27.33908
2026-08-03T16:40:00.000Z,MCT2408052,15.444425,74.063856,25.23076923076923,160,612.3076923076923,89.7424453846154,3.6967341538461542,8,8.027692307692307,23.129230769230766,11.33846153846154,2,26.80584692307692
2026-08-03T16:50:00.000Z,MCT2408052,15.444425,74.063856,25.75,160,585.75,90.67015062499999,3.6941228750000006,8,8.5075,24.418125000000003,11.867500000000003,2,26.647082499999996
2026-08-03T17:00:00.000Z,MCT2408052,15.444425,74.063856,25.8125,160,580.375,90.97389375,3.6633335000000007,8,8.528749999999999,24.374375,11.802500000000002,2,26.606191250000006
2026-08-03T17:10:00.000Z,MCT2408052,15.444425,74.063856,25.8125,160,616,91.16749500000005,3.672105375,8,8.509375,24.396874999999998,11.888750000000002,2,26.64641125
2026-08-03T17:20:00.000Z,MCT2408052,15.444425,74.063856,25.75,160,590.8125,91.11933125000002,3.6120177500000006,8,8.4875,24.331250000000004,11.803125000000001,2,26.7074125
2026-08-03T17:30:00.000Z,MCT2408052,15.444425,74.063856,26.0625,160,618.1875,90.89903375,3.7094300000000007,8,8.718125,24.871249999999996,12.018750000000002,2,26.792543750000004
2026-08-03T17:31:43.508Z,MCT2408052,15.444425,74.063856,25.666666666666668,160,549.6666666666666,90.72038000000002,3.632047,8,8.25,23.793333333333333,11.623333333333335,2,26.8493
2026-08-03T16:40:00.000Z,MCT2408021,15.500556,74.053333,49.23076923076923,375,498.15384615384613,89.03995384615384,20.908461538461534,14.450503076923079,4.068461538461538,13.24307692307692,8.644615384615385,4.3284615384615375,27.32807769230769
2026-08-03T16:50:00.000Z,MCT2408021,15.500556,74.053333,48.9375,375,501,89.13425875,20.732499999999998,14.330368124999998,3.988749999999999,13.58625,9.167500000000002,4.326250000000001,27.216854374999997
2026-08-03T17:00:00.000Z,MCT2408021,15.500556,74.053333,49.125,375,500.3125,88.898221875,20.825000000000003,14.548834375000002,4.3462499999999995,14.429375000000002,9.614374999999999,4.3950000000000005,27.192721875000007
2026-08-03T17:10:00.000Z,MCT2408021,15.500556,74.053333,49,375,498.5625,88.86293750000002,20.774375000000003,14.274391874999997,4.2281249999999995,13.830624999999998,9.078124999999998,4.300000000000001,27.120326875
2026-08-03T17:20:00.000Z,MCT2408021,15.500556,74.053333,49.0625,375,504.875,89.01600124999999,20.774375000000003,14.346073125,5.14625,16.658125000000002,10.982500000000002,4.2718750000000005,27.050615
2026-08-03T17:30:00.000Z,MCT2408021,15.500556,74.053333,49.0625,375,504.25,88.98548625000002,20.805000000000003,14.359495625,4.553125,14.809375000000001,9.733125000000001,4.25375,27.0419
2026-08-03T17:31:43.508Z,MCT2408021,15.500556,74.053333,49.5,375,507,89.01648,20.86,14.147874999999999,4.29,13.915,9.05,4.285,27.0352
2026-08-03T16:40:00.000Z,MCT2408051,15.486528,74.033889,52,347.08615384615393,503.7692307692308,96.07718999999999,22.069999999999997,5.1899999999999995,3.729999999999999,10.569999999999997,4.980000000000002,4.39,26.18296769230769
2026-08-03T16:50:00.000Z,MCT2408051,15.486528,74.033889,52.1875,348.7899999999999,520.0625,96.67877500000002,22.17125,5.1899999999999995,3.7299999999999986,10.569999999999997,4.980000000000002,4.39,26.161105
2026-08-03T17:00:00.000Z,MCT2408051,15.486528,74.033889,51.9375,350.569375,522.625,97.16228812499998,22.011249999999997,5.1899999999999995,3.7299999999999986,10.569999999999997,4.980000000000002,4.39,26.169149375
2026-08-03T17:10:00.000Z,MCT2408051,15.486528,74.033889,51.625,347.708125,518.3125,97.3425325,21.826874999999998,5.1899999999999995,3.7299999999999986,10.569999999999997,4.980000000000002,4.39,26.163784375000002
2026-08-03T17:20:00.000Z,MCT2408051,15.486528,74.033889,51.5625,345.24437500000005,516.25,97.55472625,21.774375000000003,5.1899999999999995,3.7299999999999986,10.569999999999997,4.980000000000002,4.39,26.165126249999997
2026-08-03T17:30:00.000Z,MCT2408051,15.486528,74.033889,51.4375,340.11437500000005,518.4375,97.5666475,21.688125000000003,5.1899999999999995,3.7299999999999986,10.569999999999997,4.980000000000002,4.39,26.144343125000002
2026-08-03T17:31:43.517Z,MCT2408051,15.486528,74.033889,51.333333333333336,339.70666666666665,522.3333333333334,97.63261,21.626666666666665,5.19,3.73,10.57,4.98,4.39,26.12356
2026-08-03T16:40:00.000Z,MCT2408043,15.221111,74.087222,56.84615384615385,208.81615384615387,643.9230769230769,81.98804769230767,24.21769230769231,31.340769230769226,9.84,37.13846153846154,23.06,5.29,29.377395384615383
2026-08-03T16:50:00.000Z,MCT2408043,15.221111,74.087222,56.2,220.49200000000002,626.2,79.43243400000001,24.002,31.023333333333337,9.205333333333334,33.989999999999995,20.499333333333333,5.290000000000001,29.161628
2026-08-03T17:00:00.000Z,MCT2408043,15.221111,74.087222,56.5625,217.535,635.125,80.06815375000001,24.119375,31.6575,9.025625,33.635,20.418750000000003,5.290000000000001,28.647984374999997
2026-08-03T17:10:00.000Z,MCT2408043,15.221111,74.087222,56.875,211.6175,640.375,81.44096625,24.175625,31.896874999999998,10.051874999999997,35.485625,21.22,5.290000000000001,28.184793125000002
2026-08-03T17:20:00.000Z,MCT2408043,15.221111,74.087222,56.875,205.25749999999996,636.25,81.97979375,24.20125,32.18,9.73625,34.196875,20.339374999999997,5.290000000000001,28.007831250000002
2026-08-03T17:30:00.000Z,MCT2408043,15.221111,74.087222,57,177.592,638.6,83.14845733333335,24.304666666666666,32.51466666666667,9.540666666666665,34.16,20.328,5.290000000000001,27.941827999999994
2026-08-03T17:31:43.515Z,MCT2408043,15.221111,74.087222,57,198.65666666666667,636.3333333333334,84.01668666666667,24.353333333333335,32.06666666666667,10.553333333333335,38.19333333333333,23.060000000000002,5.29,27.993306666666665
2026-08-03T16:40:00.000Z,MCT2408023,15.499722,74.020833,44.46153846153846,210.02615384615382,510.15384615384613,89.56990384615385,9.706923076923076,19.37769230769231,10.724615384615387,36.14153846153847,24.20384615384615,5.386923076923077,27.17379769230769
2026-08-03T16:50:00.000Z,MCT2408023,15.499722,74.020833,45.5,213.85437499999998,513.75,89.73650312499998,10.356875,19.323125,11.485624999999999,38.468125,25.465625,5.559375000000001,27.151833125000003
2026-08-03T17:00:00.000Z,MCT2408023,15.499722,74.020833,44.8125,223.88375,507,89.66497687499998,9.87875,19.15125,10.853125,36.884375000000006,24.559374999999996,5.624375,27.0881525
2026-08-03T17:10:00.000Z,MCT2408023,15.499722,74.020833,43.8125,223.43249999999998,505.6875,89.52335749999997,9.976874999999996,18.9925,10.219375,34.748125,23.290625,5.357499999999999,26.994307499999998
2026-08-03T17:20:00.000Z,MCT2408023,15.499722,74.020833,44.125,212.0275,515,89.81423000000002,8.963750000000001,19.248125,10.614374999999999,35.54,23.74375,5.4075,26.95342000000001
2026-08-03T17:30:00.000Z,MCT2408023,15.499722,74.020833,44.13333333333333,201.38066666666666,516.6666666666666,89.96608399999998,8.749333333333334,20.817333333333337,10.732,35.882666666666665,23.779999999999994,5.588666666666667,26.94510933333334
2026-08-03T17:31:43.733Z,MCT2408023,15.499722,74.020833,46.333333333333336,199.94000000000003,516.3333333333334,90.11256666666668,8.78,20.113333333333333,12.67,40.949999999999996,26.583333333333332,5.093333333333334,26.91722
2026-08-03T16:40:00.000Z,MCT2408050,15.553611,73.958333,28.53846153846154,86.02999999999999,534.7692307692307,90.67323307692307,11.437692307692306,4.085384615384616,10.572307692307692,35.143076923076926,19.494615384615386,2.5999999999999996,27.560729999999996
2026-08-03T16:50:00.000Z,MCT2408050,15.553611,73.958333,28.9375,86.02999999999999,560,90.76504312499998,11.624375000000004,3.9962500000000007,11.083125,35.8525,19.506874999999997,2.46375,27.560729999999992
2026-08-03T17:00:00.000Z,MCT2408050,15.553611,73.958333,28.4375,86.02999999999999,534.625,90.775533125,11.566250000000002,4.023124999999999,10.3925,33.759375,18.4975,2.461875,27.565421249999993
2026-08-03T17:10:00.000Z,MCT2408050,15.553611,73.958333,27.9375,86.02999999999999,541.8125,90.51851624999999,11.368125,4.100625,9.595625,31.771875,17.75375,2.4887500000000005,27.569443124999992
2026-08-03T17:20:00.000Z,MCT2408050,15.553611,73.958333,27.875,86.02999999999999,512.25,90.37069625,11.609374999999998,4.06125,8.958124999999999,29.519374999999997,16.372500000000002,2.665,27.533246249999998
2026-08-03T17:30:00.000Z,MCT2408050,15.553611,73.958333,27.615384615384617,86.02999999999999,540.5384615384615,90.59106769230772,11.485384615384616,4.130769230769231,8.611538461538462,28.99923076923077,16.42153846153846,2.655384615384615,27.417176923076926
2026-08-03T17:31:43.724Z,MCT2408050,15.553611,73.958333,27.666666666666668,86.03000000000002,538,90.53981666666665,11.523333333333333,3.91,9.046666666666667,30.05333333333333,16.72666666666667,2.653333333333333,27.45348
2026-08-03T16:40:00.000Z,MCT2408029,15.333611,74.206944,15.384615384615385,512.6876692307693,666.6153846153846,94.62114999999997,4.30076923076923,9.263076923076923,5.113076923076923,15.605384615384612,8.643076923076922,3.603846153846154,26.555868461538463
2026-08-03T16:50:00.000Z,MCT2408029,15.333611,74.206944,15.125,503.38216875,643.375,94.60548750000002,5.763749999999999,9.43,4.744375,14.701250000000002,8.309999999999999,3.638125,26.647753124999998
2026-08-03T17:00:00.000Z,MCT2408029,15.333611,74.206944,13.625,494.60767500000003,640.5625,94.33035124999996,5.968750000000001,10.87375,3.53,11.199375,6.323125,3.7581249999999997,26.750983750000003
2026-08-03T17:10:00.000Z,MCT2408029,15.333611,74.206944,12.5,487.17081249999995,633.8125,94.29315875,4.338749999999999,9.086875000000001,2.9768749999999997,9.285625,5.2562500000000005,3.703125,26.482183749999997
2026-08-03T17:20:00.000Z,MCT2408029,15.333611,74.206944,12.333333333333334,487.0723866666667,644.3333333333334,94.00864600000003,3.491333333333334,7.625333333333334,2.9399999999999995,8.863333333333335,4.903999999999999,3.6893333333333334,26.46390666666667
2026-08-03T17:30:00.000Z,MCT2408029,15.333611,74.206944,12.0625,489.32505624999993,650.5625,93.99799499999997,3.4081249999999996,8.505625,2.9768749999999997,9.285625000000001,5.2562500000000005,3.536875,26.432580625000003
2026-08-03T17:31:43.727Z,MCT2408029,15.333611,74.206944,12,485.56303333333335,650.6666666666666,93.9705,2.6433333333333335,8.086666666666668,2.94,8.67,4.71,3.5,26.44532
2026-08-03T16:40:00.000Z,MCT2408034,15.356389,74.123611,42.65,180.55532499999998,457.75,79.752105,15.279999999999996,4.6395,14.402499999999995,44.922,23.535499999999995,1.2019999999999997,30.389470499999998
2026-08-03T16:50:00.000Z,MCT2408034,15.356389,74.123611,42.36,188.84441199999998,450.04,78.99359160000002,18.23080000000001,3.9380000000000006,7.291199999999999,23.182000000000002,12.526399999999999,1.6568,30.4517836
2026-08-03T17:00:00.000Z,MCT2408034,15.356389,74.123611,41.68,202.066828,440,78.55535839999997,17.716000000000005,3.1148,6.379999999999998,20.106399999999997,10.7256,1.9211999999999998,30.2518696
2026-08-03T17:10:00.000Z,MCT2408034,15.356389,74.123611,48.2,199.23505599999996,444.36,78.79064880000003,23.288800000000002,5.0904,6.525599999999998,21.494399999999995,11.963999999999999,1.6267999999999996,30.219695200000004
2026-08-03T17:20:00.000Z,MCT2408034,15.356389,74.123611,46.64,238.966128,450.96,79.08911039999998,21.90000000000001,6.461599999999999,7.1808,24.083999999999996,13.650799999999998,1.5112,30.196958000000006
2026-08-03T17:30:00.000Z,MCT2408034,15.356389,74.123611,41.52,180.322172,455.32,79.2145372,17.543600000000005,5.7788,7.4719999999999995,24.9824,14.1752,1.4095999999999997,30.2471516
2026-08-03T17:31:43.724Z,MCT2408034,15.356389,74.123611,41.25,181.558575,456.25,79.1917275,17.169999999999998,4.7475000000000005,7.972499999999999,26.2575,14.53,1.855,30.287585
2026-08-03T16:40:00.000Z,MCT2408030,15.142519,74.075003,32,163,426.3076923076923,83.55794153846153,8.666923076923078,6.200000000000002,9.947692307692309,31.02153846153846,17.914615384615384,4.9,27.92950615384615
2026-08-03T16:50:00.000Z,MCT2408030,15.142519,74.075003,32,163.26530666666667,420.06666666666666,83.64029933333335,8.636000000000001,6.200000000000002,9.995333333333337,30.89866666666666,17.733999999999998,5.146666666666667,27.68156333333333
2026-08-03T17:00:00.000Z,MCT2408030,15.142519,74.075003,30.875,163,423.6875,84.03686875,8.72125,6.200000000000002,9.42875,28.854374999999994,16.5675,4.974375,27.46219125
2026-08-03T17:10:00.000Z,MCT2408030,15.142519,74.075003,30.875,163,423,84.44218,8.783125,6.200000000000002,9.370000000000001,28.62625,16.449375,4.756250000000001,27.306009375
2026-08-03T17:20:00.000Z,MCT2408030,15.142519,74.075003,30.866666666666667,163,421,84.72621666666667,8.882666666666667,6.200000000000002,9.370000000000001,28.528,16.346,4.403333333333333,27.224674000000004
2026-08-03T17:30:00.000Z,MCT2408030,15.142519,74.075003,30.625,163.12583125,429,84.91997249999996,9.065625,6.200000000000002,9.370000000000001,27.998125000000005,15.797500000000003,4.462499999999999,27.152502499999997
2026-08-03T17:31:43.726Z,MCT2408030,15.142519,74.075003,30.5,163,431,85.04538,9.125,6.2,9.37,27.825000000000003,15.620000000000001,4.545,27.12636
2026-08-03T16:40:00.000Z,MCT2408027,15.275556,74.1075,37.61538461538461,1144.2,556.5384615384615,90.56348538461538,6.579999999999999,12.725384615384618,11.833846153846155,39.426923076923075,22.57384615384615,2.95,28.14400846153846
2026-08-03T16:50:00.000Z,MCT2408027,15.275556,74.1075,33.5,1153.865,525.875,89.91770249999999,6.579999999999999,12.690625000000002,9.186249999999998,31.29625,18.218750000000004,2.9500000000000006,27.91734000000001
2026-08-03T17:00:00.000Z,MCT2408027,15.275556,74.1075,33.375,1160.44875,526,89.37124750000002,6.579999999999999,12.917500000000004,8.939374999999998,30.80375,18.156875000000003,2.9500000000000006,27.85567125
2026-08-03T17:10:00.000Z,MCT2408027,15.275556,74.1075,32.0625,1163.11375,528.5625,89.10230875,6.579999999999999,12.707500000000003,8.198125000000001,28.031250000000004,16.551875000000003,2.9500000000000006,27.739030000000003
2026-08-03T17:20:00.000Z,MCT2408027,15.275556,74.1075,31.9375,1156.2825,536,89.121859375,6.579999999999999,12.890625000000005,8.260625,28.030000000000005,16.488750000000003,2.9500000000000006,27.672668749999993
2026-08-03T17:30:00.000Z,MCT2408027,15.275556,74.1075,31.875,1151.250625,515,89.310210625,6.579999999999999,12.710000000000004,8.445,27.846874999999997,16.058125,2.9500000000000006,27.638482499999995
2026-08-03T17:31:43.946Z,MCT2408027,15.275556,74.1075,31.333333333333332,1156.01,543.6666666666666,89.38523333333335,6.580000000000001,13.023333333333333,7.890000000000001,26.61666666666667,15.480000000000002,2.9500000000000006,27.653676666666666
2026-08-03T16:40:00.000Z,MCT2408040,15.528056,74.020833,18.923076923076923,100,461,88.51059230769229,8.05,4.849230769230769,3.1330769230769233,9.579230769230769,4.750000000000001,3.5,27.785130000000002
2026-08-03T16:50:00.000Z,MCT2408040,15.528056,74.020833,18.9375,100,469.9375,88.43569187499997,8.0775,4.83875,3.1175,9.579999999999998,4.751875,3.5,27.821481875000007
2026-08-03T17:00:00.000Z,MCT2408040,15.528056,74.020833,19,100,460.5625,88.33460437499998,8.1475,4.826875,3.07,8.901250000000001,4.204375000000001,3.5,27.818131875
2026-08-03T17:10:00.000Z,MCT2408040,15.528056,74.020833,19,100,450.75,88.26117,8.1975,4.850625,3.07,8.638749999999998,3.9881249999999997,3.5,27.771207499999996
2026-08-03T17:20:00.000Z,MCT2408040,15.528056,74.020833,19.0625,100,457.625,88.29550125000002,8.244375000000002,4.89625,3.07,8.704375,4.023125,3.5,27.68741625
2026-08-03T17:30:00.000Z,MCT2408040,15.528056,74.020833,19,100,458.9375,88.26069312500002,8.01125,4.905,4.436875,13.354375000000001,6.54375,3.5,27.588210000000004
2026-08-03T17:31:43.949Z,MCT2408040,15.528056,74.020833,18.666666666666668,100,458.3333333333333,88.19250666666666,7.939999999999999,4.89,3.4766666666666666,10.996666666666668,5.650000000000001,3.5,27.55
2026-08-03T16:40:00.000Z,MCT2408046,15.529167,74.07,30.952380952380953,237.04000000000002,500.5238095238095,85.10805,13.341676190476191,27.615545238095233,8.75,24.571428571428573,12.030076666666666,3.6409523809523807,29.03057857142857
2026-08-03T16:50:00.000Z,MCT2408046,15.529167,74.07,31.166666666666668,237.04,464.3333333333333,84.66899583333334,13.455321249999999,27.221814166666675,8.776041666666666,24.791666666666668,12.149124166666665,3.7012499999999995,29.269594166666668
2026-08-03T17:00:00.000Z,MCT2408046,15.529167,74.07,31.44,237.04,454.64,82.9181524,13.648296,26.611176399999998,8.875,24.92,12.273686399999995,3.4688,29.839166400000007
2026-08-03T17:10:00.000Z,MCT2408046,15.529167,74.07,30.88,237.04,590.56,83.5770264,13.203473200000003,33.536470400000006,7.5,21.76,11.136843279999999,3.8924000000000003,29.646974400000005
2026-08-03T17:20:00.000Z,MCT2408046,15.529167,74.07,30.92,237.04,673.52,85.5045168,13.247538799999997,30.637646800000006,5.725,17.28,9.157895120000001,3.9623999999999997,29.0768284
2026-08-03T17:30:00.000Z,MCT2408046,15.529167,74.07,30.96,237.04,718.52,87.11981239999999,13.323295200000002,25.336470799999997,5.275,14.96,7.515789600000001,3.947600000000001,28.593339999999994
2026-08-03T17:31:43.950Z,MCT2408046,15.529167,74.07,31,237.04,725,88.0094,13.45841,23.261029999999998,5.15625,15.75,8.026316,3.8200000000000003,28.373155
2026-08-03T16:40:00.000Z,MCT2408044,15.313669,74.140042,25.571428571428573,214.29,491.57142857142856,93.49220928571428,10.725714285714288,3.380714285714286,5.090714285714285,14.321428571428571,8.72714285714286,3.6813187142857147,27.358485
2026-08-03T16:50:00.000Z,MCT2408044,15.313669,74.140042,25.25,214.29,482.875,93.282265625,10.563749999999999,3.32,4.0581249999999995,11.875,7.435,4.462499875,27.220204999999996
2026-08-03T17:00:00.000Z,MCT2408044,15.313669,74.140042,25.266666666666666,214.29,491.6,93.43745933333331,10.575333333333333,3.32,3.9853333333333345,11.733333333333333,7.3180000000000005,4.044529800000001,27.241121333333332
2026-08-03T17:10:00.000Z,MCT2408044,15.313669,74.140042,25,214.29,486.375,92.710060625,10.3425,3.3612499999999996,3.6637500000000003,10.625,6.523125,4.446073687500001,27.104239374999995
2026-08-03T17:20:00.000Z,MCT2408044,15.313669,74.140042,25,214.29,478.1875,92.676205,10.379375000000001,3.3406249999999997,3.699375,10.9375,6.76,4.783012687500001,26.959452499999998
2026-08-03T17:30:00.000Z,MCT2408044,15.313669,74.140042,25.0625,214.29,475.9375,92.98137937499999,10.474375,3.32,3.9499999999999984,11.40625,7.030000000000001,4.3318909375,26.874322500000005
2026-08-03T17:31:43.950Z,MCT2408044,15.313669,74.140042,25,214.29,488.3333333333333,93.20501999999999,10.483333333333334,3.32,4.213333333333333,11.666666666666666,7.03,4.3918800000000005,26.84215
2026-08-03T16:40:00.000Z,MCT2408049,15.475278,74.055833,56.84615384615385,150,467.9230769230769,87.3456423076923,24.229230769230767,12.632307692307693,5.369230769230769,17.029230769230768,9.384615384615389,2.61,27.243103076923084
2026-08-03T16:50:00.000Z,MCT2408049,15.475278,74.055833,56.5,150,475.5,87.66464687499997,24.082499999999996,11.614999999999998,7.666875000000001,23.1725,12.275625,2.61,27.2805375
2026-08-03T17:00:00.000Z,MCT2408049,15.475278,74.055833,56.5625,150,479.125,87.71900437499997,24.064375,13.063125,6.659375,20.493125,11.02875,2.61,27.361643125000004
2026-08-03T17:10:00.000Z,MCT2408049,15.475278,74.055833,56.75,150,472.5625,87.59073624999996,24.266874999999995,12.863750000000001,6.32375,19.581875000000004,10.69375,2.61,27.4105775
2026-08-03T17:20:00.000Z,MCT2408049,15.475278,74.055833,56.375,150,471.625,87.44625625,23.939375,12.64,7.044375000000001,22.024375,12.085625,2.61,27.40052312500001
2026-08-03T17:30:00.000Z,MCT2408049,15.475278,74.055833,56.5625,150,489.5625,87.64509624999998,24.14125,11.954374999999999,6.851875000000002,21.355,11.509374999999999,2.61,27.417280625
2026-08-03T17:31:43.950Z,MCT2408049,15.475278,74.055833,56.666666666666664,150,492,87.68387666666666,24.393333333333334,11.593333333333334,6.900000000000001,21.963333333333335,12.023333333333333,2.61,27.464203333333334
2026-08-03T16:40:00.000Z,MCT2408037,15.394444,74.118333,25.23076923076923,160,441.38461538461536,86.82038692307694,10.493846153846153,219.62153846153845,6.347692307692308,23.589230769230767,12.566923076923077,3.815384615384616,27.005496923076922
2026-08-03T16:50:00.000Z,MCT2408037,15.394444,74.118333,25.125,160,439.0625,86.53501812500002,10.559375000000003,218.98999999999998,5.341875000000001,20.136875,10.771875000000001,3.7625,26.998330624999998
2026-08-03T17:00:00.000Z,MCT2408037,15.394444,74.118333,24.9375,160,442.8125,86.50402562500003,10.205000000000002,218.98,6.180625000000001,23.305625,12.646250000000002,3.9525000000000006,26.925267499999997
2026-08-03T17:10:00.000Z,MCT2408037,15.394444,74.118333,25.125,160,441.9375,86.42725500000002,10.348749999999999,217.366875,6.272500000000001,22.741875,11.943125000000002,3.61125,26.946715625000003
2026-08-03T17:20:00.000Z,MCT2408037,15.394444,74.118333,25.3125,160,446.5625,86.40293625000001,10.454375,216.09375000000003,5.992500000000001,22.896250000000002,12.365000000000002,3.7068749999999997,26.974869374999994
2026-08-03T17:30:00.000Z,MCT2408037,15.394444,74.118333,25.1875,160,452.0625,86.31376812500002,10.373125,215.15562500000001,6.087500000000001,22.794374999999995,12.271250000000002,3.635,27.021121250000004
2026-08-03T17:31:44.161Z,MCT2408037,15.394444,74.118333,26,160,453,86.30295999999998,10.96,214.96,5.7,20.44,10.74,3.686666666666666,27.067373333333336
2026-08-03T16:40:00.000Z,MCT2408042,15.213889,74.071667,59.76923076923077,273.0392307692308,447.53846153846155,83.98166692307693,25.926153846153845,15.988461538461538,8.54,27.990000000000002,15.840000000000003,4.453076923076922,29.134841538461536
2026-08-03T16:50:00.000Z,MCT2408042,15.213889,74.071667,59.8125,271.755,443.875,82.02223187500002,25.96,15.916250000000002,7.393750000000001,24.05375,13.669999999999998,4.874375000000001,28.741829999999997
2026-08-03T17:00:00.000Z,MCT2408042,15.213889,74.071667,59.5625,270.96312500000005,449.8125,82.55104437499999,25.720000000000002,15.918124999999996,8.588125,27.9875,15.775625000000002,4.503125,28.408013125000004
2026-08-03T17:10:00.000Z,MCT2408042,15.213889,74.071667,59.5,285.35,443.1875,81.17489250000004,25.706875,16.52375,7.393750000000001,24.395625,13.896874999999998,4.283750000000001,28.377178125
2026-08-03T17:20:00.000Z,MCT2408042,15.213889,74.071667,59.3125,264.35875,449.5625,83.73693875000001,25.5525,16.668125000000003,7.564375,25.194375,14.523125000000002,4.168125,28.541403125000006
2026-08-03T17:30:00.000Z,MCT2408042,15.213889,74.071667,59.4375,272.14,447.9375,84.62671812499998,25.666875,16.206875,7.734999999999999,26.163750000000007,15.091875,4.14875,28.578941875
2026-08-03T17:31:44.161Z,MCT2408042,15.213889,74.071667,59.666666666666664,282.4733333333333,444.6666666666667,84.36000333333332,25.856666666666666,15.98666666666667,7.28,24.016666666666666,13.67,3.9933333333333336,28.55816333333333
2026-08-03T16:40:00.000Z,MCT2408041,15.224628,74.171389,32.76923076923077,390.0040769230769,465.2307692307692,90.74306769230772,13.710769230769232,9.700000000000001,8.893076923076924,28.35,15.616153846153846,7.865384615384615,27.752128461538465
2026-08-03T16:50:00.000Z,MCT2408041,15.224628,74.171389,32.5,423.270025,461.625,90.72975375,13.626249999999999,9.7,9.296249999999999,30.72937499999999,17.38875,8.061250000000001,27.728305624999997
2026-08-03T17:00:00.000Z,MCT2408041,15.224628,74.171389,32.625,443.05837500000007,448.875,91.031116875,13.765625000000002,9.7,8.6925,28.95750000000001,16.580625,8.089375,27.448115624999996
2026-08-03T17:10:00.000Z,MCT2408041,15.224628,74.171389,32.5,453.0895562500001,439.3125,90.71974250000001,13.651874999999999,9.7,8.190000000000001,26.27437500000001,14.711875000000001,8.26125,27.278525
2026-08-03T17:20:00.000Z,MCT2408041,15.224628,74.171389,32.6875,451.09220625,434.5,89.94869750000001,13.737499999999999,9.7,8.090000000000002,24.654375000000005,13.294374999999999,8.122499999999999,27.39248
2026-08-03T17:30:00.000Z,MCT2408041,15.224628,74.171389,32.5625,448.4863812499999,444.3125,89.53384812499999,13.615625,9.7,8.090000000000002,24.451875000000005,13.091874999999998,8.110625,27.449455625
2026-08-03T17:31:44.173Z,MCT2408041,15.224628,74.171389,32.666666666666664,450.5366666666667,448.3333333333333,89.39286333333332,13.76,9.7,8.09,25.11,13.75,8,27.428449999999998
2026-08-03T16:40:00.000Z,MCT2408024,15.148056,74.131667,40.4,219.22751000000008,589.35,78.81979500000001,17.4834715,5,6.445,23.336000000000006,14.090000000000003,2.5325,29.049908000000006
2026-08-03T16:50:00.000Z,MCT2408024,15.148056,74.131667,40.32,221.59468800000002,528.16,78.4778444,17.3264428,5,7.112400000000001,24.94520000000001,14.790000000000004,2.5671999999999997,28.781671599999992
2026-08-03T17:00:00.000Z,MCT2408024,15.148056,74.131667,40.56,221.960716,480.4,78.63043400000002,17.5330544,5,7.430800000000001,25.704400000000007,15.230000000000004,2.5595999999999997,28.669703199999994
2026-08-03T17:10:00.000Z,MCT2408024,15.148056,74.131667,40.28,221.54725200000001,524.4,78.35607919999998,17.242704800000002,5.06031744,7.630000000000003,25.70520000000001,14.990000000000004,2.5676,28.568027999999984
2026-08-03T17:20:00.000Z,MCT2408024,15.148056,74.131667,40.166666666666664,222.41859166666669,550,78.25394750000002,17.173331250000004,5,8.156666666666668,27.314583333333342,15.781666666666672,2.558333333333333,28.503642916666667
2026-08-03T17:30:00.000Z,MCT2408024,15.148056,74.131667,39.92,221.20610799999997,593.28,78.47967439999998,16.9911864,5.02106784,7.710800000000002,26.063200000000005,15.270000000000005,2.5444,28.403293999999995
2026-08-03T17:31:44.173Z,MCT2408024,15.148056,74.131667,40.25,221.56515,591.25,78.57947000000001,17.1561575,5.131674,7.99,26.232499999999998,14.99,2.51,28.38388
2026-08-03T16:40:00.000Z,MCT2408033,15.346944,74.007778,22.23076923076923,110.31243846153846,500.9230769230769,84.91890846153845,9.936923076923078,37.94949076923076,6.8538461538461535,18.776923076923076,11.990769230769228,4.39,28.329634615384617
2026-08-03T16:50:00.000Z,MCT2408033,15.346944,74.007778,21.1875,110,501.4375,87.01376500000002,9.177500000000002,50.803843750000006,6.059375000000001,16.505625,10.588750000000001,4.39,27.781932499999996
2026-08-03T17:00:00.000Z,MCT2408033,15.346944,74.007778,27.4375,112.59462500000002,501.6875,87.74189375,14.4275,56.013745625,5.793750000000001,15.769375,10.07375,4.39,27.568771249999994
2026-08-03T17:10:00.000Z,MCT2408033,15.346944,74.007778,22.375,110.40012499999999,508.1875,88.124316875,10.061250000000001,47.360695,5.9456250000000015,16.153125,10.405000000000003,4.39,27.453477499999998
2026-08-03T17:20:00.000Z,MCT2408033,15.346944,74.007778,21.625,110.38905625,514.3125,88.39325437500003,9.457500000000001,52.995107499999996,5.870000000000001,15.608749999999999,9.77875,4.39,27.447445625
2026-08-03T17:30:00.000Z,MCT2408033,15.346944,74.007778,21.125,111.14228750000001,513.25,88.58684999999998,9.02875,46.10222312499999,6.3637500000000005,17.210625,10.880625,4.39,27.5272125
2026-08-03T17:31:44.174Z,MCT2408033,15.346944,74.007778,21.666666666666668,116.0884,492.6666666666667,88.42647,9.546666666666667,41.71687,5.653333333333333,16.75,11.373333333333333,4.39,27.66798
2026-08-03T16:40:00.000Z,MCT2408045,15.619444,73.878889,27.846153846153847,178.11999999999995,622.2307692307693,86.66603846153845,11.513846153846155,17.466153846153848,7.510769230769229,26.14692307692307,13.614615384615385,2.5300000000000002,27.664678461538465
2026-08-03T16:50:00.000Z,MCT2408045,15.619444,73.878889,27.9375,178.11999999999995,621.625,86.75007312499999,11.693125,17.463750000000005,7.299374999999999,24.94875,12.864999999999998,2.5300000000000002,27.707526875
2026-08-03T17:00:00.000Z,MCT2408045,15.619444,73.878889,27.9375,178.11999999999995,625.625,86.70811062500002,11.65125,17.653125000000003,6.920625000000001,23.486875,12.015000000000002,2.5300000000000002,27.76249187500001
2026-08-03T17:10:00.000Z,MCT2408045,15.619444,73.878889,28.0625,178.11999999999995,623.0625,86.65327500000001,11.877500000000001,17.834374999999998,6.606250000000002,22.988125000000004,12.1225,2.5300000000000002,27.755118124999996
2026-08-03T17:20:00.000Z,MCT2408045,15.619444,73.878889,27.9375,178.11999999999995,619.75,86.67187000000001,11.738125,17.653750000000002,6.511250000000001,22.061875,11.343125000000002,2.5300000000000002,27.726965000000003
2026-08-03T17:30:00.000Z,MCT2408045,15.619444,73.878889,28.25,178.11999999999995,619.4375,86.70381874999997,11.996874999999998,17.35625,6.543125000000001,22.346875,11.556250000000002,2.5300000000000002,27.716239999999992
2026-08-03T17:31:44.375Z,MCT2408045,15.619444,73.878889,27.666666666666668,178.12,626.6666666666666,86.76072333333333,11.263333333333334,17.323333333333334,6.71,23,11.873333333333333,2.53,27.71088
2026-08-03T16:40:00.000Z,MCT2408022,15.475833,74.038889,31.46153846153846,150,427.3076923076923,89.98658692307691,4.524615384615384,11.504013846153848,7.923076923076923,26.307692307692307,15,4.3168711538461535,26.68869384615385
2026-08-03T16:50:00.000Z,MCT2408022,15.475833,74.038889,32.5,150,427.75,90.24576562499999,4.6225,11.562813750000002,8.9375,28.4375,15.875,4.300433437500001,26.654455000000006
2026-08-03T17:00:00.000Z,MCT2408022,15.475833,74.038889,34,150,427.5625,90.389293125,4.527499999999999,11.443712499999998,9.875,31.5,17.3125,4.2309275,26.669201875
2026-08-03T17:10:00.000Z,MCT2408022,15.475833,74.038889,36.1875,150,435.5625,90.372126875,4.305624999999999,11.563064375,11.625,35.875,19.1875,4.267561000000001,26.722829999999995
2026-08-03T17:20:00.000Z,MCT2408022,15.475833,74.038889,38,150,432.1875,90.27342062499999,4.249375000000001,11.393510624999998,12.5625,39.5,21.375,4.2780699375,26.73824875
2026-08-03T17:30:00.000Z,MCT2408022,15.475833,74.038889,39.8,150,430.8666666666667,90.14766399999999,4.036,11.768540666666667,13.6,43.333333333333336,23.6,4.292183133333334,26.788522666666662
2026-08-03T17:31:44.375Z,MCT2408022,15.475833,74.038889,39,150,439,90.04136,4.453333333333334,11.668003333333333,13,41.333333333333336,22.666666666666668,4.251180000000001,26.84929666666667
2026-08-03T16:40:00.000Z,MCT2408036,15.171567,74.067106,37.30769230769231,120,489.53846153846155,86.31215153846155,10.942307692307692,7.429999999999999,4.291538461538462,14.649230769230769,8.80846153846154,11.852307692307692,28.049133076923077
2026-08-03T16:50:00.000Z,MCT2408036,15.171567,74.067106,38,120,472.1875,85.29238000000001,11.165625,7.575625,4.506875000000001,15.164374999999998,8.993749999999999,12.202499999999999,28.0312925
2026-08-03T17:00:00.000Z,MCT2408036,15.171567,74.067106,37.5,120,443.25,84.76642999999999,11.24,7.615,4.540625,15.101875,8.930625,11.900624999999998,27.807405
2026-08-03T17:10:00.000Z,MCT2408036,15.171567,74.067106,37.333333333333336,120,440.73333333333335,84.94390933333334,11.286,8.024666666666668,4.632000000000001,15.600666666666667,9.254666666666667,11.791333333333332,27.667977333333333
2026-08-03T17:20:00.000Z,MCT2408036,15.171567,74.067106,37.5,120,471.375,86.4491875,11.283750000000001,7.778125000000001,4.673125,16.083124999999995,9.625625,11.979375,27.324105625000005
2026-08-03T17:30:00.000Z,MCT2408036,15.171567,74.067106,37.25,120,465.625,87.831539375,10.486875,7.659375000000001,4.737499999999999,16.24125,9.753125,11.75625,27.188030624999996
2026-08-03T17:31:44.386Z,MCT2408036,15.171567,74.067106,37.5,120,471.5,89.03936999999999,10.17,7.300000000000001,5.26,17.22,10.13,11.96,27.06201
2026-08-03T16:40:00.000Z,MCT2408031,15.290833,74.149167,21.23076923076923,140,536.0769230769231,87.60328076923075,7.229729769230769,6.017574846153845,7.399230769230769,20.668461538461543,11.94,4.612307692307692,27.530202307692306
2026-08-03T16:50:00.000Z,MCT2408031,15.290833,74.149167,23.4375,149.0841625,536.0625,87.48344812500002,7.2942620625000005,7.519553374999999,8.987499999999999,24.726874999999996,14.138749999999998,4.635000000000002,27.546650624999998
2026-08-03T17:00:00.000Z,MCT2408031,15.290833,74.149167,21.5625,164.8137625,530.8125,87.33038375000001,7.3054791875000005,8.1923433125,7.2025000000000015,20.135625,11.636249999999999,5.008749999999999,27.437390625
2026-08-03T17:10:00.000Z,MCT2408031,15.290833,74.149167,21,166.2954125,525.375,87.18160875000001,7.558725687500001,6.2812858125,6.7856250000000005,18.968124999999993,10.921875000000002,4.915,27.353600625000002
2026-08-03T17:20:00.000Z,MCT2408031,15.290833,74.149167,21.0625,179.9082,541.6875,87.229769375,7.534575375,6.4016216875,6.725624999999999,18.832499999999996,10.861875000000003,4.676875,27.261768125000007
2026-08-03T17:30:00.000Z,MCT2408031,15.290833,74.149167,20.5,162.26415,535.125,87.24741375,7.4773014375,6.0295278125,6.5775,18.127499999999998,10.326875000000001,5.01375,27.216179999999994
2026-08-03T17:31:44.392Z,MCT2408031,15.290833,74.149167,20,157.6923,539.3333333333334,87.22865666666667,7.433136,6,6.669999999999999,17.536666666666665,9.68,5.046666666666667,27.2068
2026-08-03T16:40:00.000Z,MCT2408032,15.525556,73.828611,33.4,178.92999999999995,750.65,86.90962299999998,13.4845,39.772999999999996,7.120000000000002,23.112,13.095000000000004,3.126499999999999,27.907686000000005
2026-08-03T16:50:00.000Z,MCT2408032,15.525556,73.828611,34.52,178.92999999999995,755.44,87.05480879999998,14.397600000000004,40.22919999999999,7.120000000000002,22.528800000000004,12.514400000000002,3.0864000000000003,27.91723159999999
2026-08-03T17:00:00.000Z,MCT2408032,15.525556,73.828611,33.6,178.92999999999995,758.12,87.43597439999999,13.625200000000001,40.3932,7.120000000000002,21.846,11.835200000000004,2.9824000000000006,27.9695688
2026-08-03T17:10:00.000Z,MCT2408032,15.525556,73.828611,34.38461538461539,178.92999999999998,735.3076923076923,87.59506461538462,14.243076923076929,40.86307692307692,7.120000000000003,21.334230769230768,11.32538461538462,2.88,28.07883230769231
2026-08-03T17:20:00.000Z,MCT2408032,15.525556,73.828611,34.88,184.588,720.44,87.4164416,14.693200000000004,40.11840000000001,7.120000000000002,20.3656,10.364400000000003,3.02,28.12744119999999
2026-08-03T17:30:00.000Z,MCT2408032,15.525556,73.828611,34.72,185.0356,732.84,87.7866216,14.608000000000002,39.53999999999999,7.120000000000002,18.660399999999996,8.666000000000004,3.0460000000000003,28.05107960000001
2026-08-03T17:31:44.386Z,MCT2408032,15.525556,73.828611,34.5,181.39000000000004,738,88.02084500000001,14.3275,38.31,7.12,19.91,9.9125,2.91,28.056765
2026-08-03T16:40:00.000Z,MCT2408035,15.236111,74.125,49.61538461538461,190,540.8461538461538,87.58097846153845,21.19677153846154,58.60180230769232,3.7999999999999994,11.03,5.748461538461537,3.8299999999999987,28.56723692307693
2026-08-03T16:50:00.000Z,MCT2408035,15.236111,74.125,49.875,190,547.375,86.53883312500002,21.46926125,56.28604562500001,3.799999999999999,11.037499999999998,5.75625,3.8299999999999987,28.561514375000005
2026-08-03T17:00:00.000Z,MCT2408035,15.236111,74.125,51.4375,190,562.625,85.28475187500001,22.886440000000004,62.072980624999985,3.799999999999999,10.871874999999998,5.59,3.8299999999999987,28.5099
2026-08-03T17:10:00.000Z,MCT2408035,15.236111,74.125,51.375,190,562.5,85.46690374999999,22.770182499999997,68.992626875,3.799999999999999,10.754999999999999,5.473125,3.8299999999999987,28.266573125
2026-08-03T17:20:00.000Z,MCT2408035,15.236111,74.125,50.625,190,578.5,85.66622250000002,22.149367500000004,72.07187437500001,3.799999999999999,10.661249999999997,5.378125,3.8299999999999987,28.077543750000004
2026-08-03T17:30:00.000Z,MCT2408035,15.236111,74.125,50.6875,190,577.6875,85.79353875000001,22.188895000000002,71.26359125,3.799999999999999,10.520624999999999,5.2375,3.8299999999999987,27.952195000000007
2026-08-03T17:31:44.589Z,MCT2408035,15.236111,74.125,50.666666666666664,190,572.3333333333334,85.85791,22.240823333333335,73.27713666666666,3.7999999999999994,10.19,4.91,3.83,27.932533333333335
2026-08-03T16:40:00.000Z,MCT2408039,15.163611,74.110833,29,345.8346153846154,445.15384615384613,84.69589384615385,8.853076923076923,10.299999999999999,9.019999999999998,28.94,11.76,2.3000000000000003,28.032633076923073
2026-08-03T16:50:00.000Z,MCT2408039,15.163611,74.110833,29,372.471875,446.75,84.15083374999998,8.401875,10.3,9.019999999999998,28.94,11.759999999999998,2.3,27.886503124999997
2026-08-03T17:00:00.000Z,MCT2408039,15.163611,74.110833,29,364.15312499999993,435.4375,83.74313812500002,7.129999999999999,10.3,9.019999999999998,28.94,11.759999999999998,2.3,27.691439999999997
2026-08-03T17:10:00.000Z,MCT2408039,15.163611,74.110833,29,370.8143749999999,435.5,83.32256687500002,8.73625,10.3,9.019999999999998,28.94,11.759999999999998,2.3,27.555364375000003
2026-08-03T17:20:00.000Z,MCT2408039,15.163611,74.110833,29,365.208125,442.875,83.55287874999999,9.419374999999999,10.3,9.019999999999998,28.94,11.759999999999998,2.3,27.46688375
2026-08-03T17:30:00.000Z,MCT2408039,15.163611,74.110833,29,365.85812500000003,441.3125,83.84613499999999,8.356250000000001,10.3,9.019999999999998,28.94,11.759999999999998,2.3,27.432698750000004
2026-08-03T17:31:44.590Z,MCT2408039,15.163611,74.110833,29,349.83,445,83.71023500000001,6.355,10.3,9.02,28.94,11.76,2.3,27.512465
2026-08-03T16:40:00.000Z,MCT2408038,15.188889,74.055556,33.07692307692308,375.4115384615385,626.4615384615385,88.18604769230768,14.363076923076923,13.330000000000004,6.945384615384616,22.02153846153846,11.786153846153844,4.798461538461539,28.09038307692307
2026-08-03T16:50:00.000Z,MCT2408038,15.188889,74.055556,33.375,392.86187500000005,622.5625,87.58501437499999,14.538750000000002,13.330000000000005,6.010000000000002,18.079375,9.418125,4.831875,27.822153124999996
2026-08-03T17:00:00.000Z,MCT2408038,15.188889,74.055556,33.6875,400.51000000000005,616.25,87.514443125,14.735625,13.330000000000005,5.950000000000002,17.333750000000002,8.936874999999999,4.846250000000001,27.546650624999998
2026-08-03T17:10:00.000Z,MCT2408038,15.188889,74.055556,33.375,390.87125000000003,626.125,87.60981,14.430000000000001,13.330000000000005,5.980000000000001,17.52,8.97125,4.844999999999999,27.3462275
2026-08-03T17:20:00.000Z,MCT2408038,15.188889,74.055556,33.0625,363.23249999999996,617.1875,88.39849812499997,14.258124999999998,13.330000000000005,5.995000000000001,17.769375,9.1775,4.796875,27.245680625000002
2026-08-03T17:30:00.000Z,MCT2408038,15.188889,74.055556,33.0625,356.77750000000003,619.5,88.97642499999998,14.211875000000001,13.330000000000005,6.765000000000001,20.750625000000003,10.988124999999998,4.790000000000001,27.220205000000004
2026-08-03T17:31:44.600Z,MCT2408038,15.188889,74.055556,33,369.25,616,89.18687,13.950000000000001,13.33,6.603333333333333,20.873333333333335,11.203333333333333,4.793333333333333,27.26758
2026-08-03T18:20:00.000Z,MCT2408020,15.543475,74.039433,27.076923076923077,215.42756153846156,626.3076923076923,89.08396923076923,9.147700384615385,19.012136923076927,8.922307692307692,29.534615384615385,16.80153846153846,3.659999999999999,27.66715230769231
2026-08-03T18:20:00.000Z,MCT2408028,15.186944,74.096667,40.95,608.137,461.6,93.34158250000002,17.5195,14.565500000000004,6.389999999999999,22.769500000000008,13.719500000000002,0.9504999999999999,25.995399499999998
2026-08-03T18:20:00.000Z,MCT2408056,15.579167,73.920833,27.833333333333332,180,666.6666666666666,89.72156333333334,6.885833333333333,12.487871083333332,7.588333333333331,26.335000000000004,16.24666666666667,1.8649999999999995,27.9870525
2026-08-03T18:20:00.000Z,MCT2408057,15.272222,74.104722,28.894736842105264,347.73315789473685,460,85.37043052631579,12.42421052631579,9.287894736842107,3.766842105263157,12.735263157894739,7.312631578947368,2.52,28.109400000000004
2026-08-03T18:20:00.000Z,MCT2408055,15.585833,73.885556,21.916666666666668,104.49416666666667,680.9166666666666,89.50476083333335,8.3725,23.630726666666664,6.698333333333334,21.65416666666667,13.12,1.5125,27.767186666666664
2026-08-03T18:20:00.000Z,MCT2408053,15.263333,74.110833,50.583333333333336,248.244175,585.8333333333334,91.53481666666669,25.665833333333335,19.659166666666668,4.590000000000001,12.235833333333332,6.298333333333333,7.072500000000001,26.685738333333344
2026-08-03T18:20:00.000Z,MCT2408052,15.444425,74.063856,26.76923076923077,160,597.2307692307693,91.26597615384615,3.4875036153846155,8,9.28923076923077,26.605384615384615,12.853076923076925,2,27.078096923076924
2026-08-03T18:20:00.000Z,MCT2408043,15.221111,74.087222,57,203.54250000000002,657.0833333333334,85.74283333333334,24.400000000000002,32.01916666666667,6.329999999999999,20.491666666666667,11.423333333333334,5.29,27.19428583333333
2026-08-03T18:20:00.000Z,MCT2408021,15.500556,74.053333,49.166666666666664,375,511.0833333333333,89.92628500000001,20.99666666666667,14.300186666666667,4.642499999999999,15.218333333333335,10.080833333333334,4.3116666666666665,27.010170833333333
2026-08-03T18:20:00.000Z,MCT2408051,15.486528,74.033889,51.84615384615385,336.9530769230769,524.8461538461538,98.19874846153843,21.967692307692307,5.1899999999999995,3.729999999999999,10.569999999999997,4.980000000000002,4.39,26.267116153846157
2026-08-03T18:20:00.000Z,MCT2408050,15.553611,73.958333,27.923076923076923,86.02999999999999,527.0769230769231,91.49309846153848,11.661538461538461,4.226923076923078,8.08769230769231,27.347692307692306,15.57153846153846,2.7130769230769234,27.361901538461538
2026-08-03T18:20:00.000Z,MCT2408034,15.356389,74.123611,40.21052631578947,211.91141052631582,442.7894736842105,79.21391263157895,15.32736842105263,2.3042105263157895,8.72842105263158,29.811578947368425,16.928421052631577,2.0263157894736836,30.159024736842106
2026-08-03T18:20:00.000Z,MCT2408030,15.142519,74.075003,29,164.04555833333333,430,85.32576,8.980000000000002,6.200000000000002,9.370000000000001,24.639999999999997,12.31,4.490833333333334,26.548098333333332
2026-08-03T18:20:00.000Z,MCT2408029,15.333611,74.206944,12.916666666666666,492.2815333333333,667.3333333333334,94.02835499999999,4.115833333333333,8.196666666666667,3.4316666666666666,10.885833333333332,6.176666666666667,3.5,26.585635000000007
2026-08-03T18:20:00.000Z,MCT2408023,15.499722,74.020833,46.46153846153846,232.17538461538464,499.46153846153845,90.77065307692307,9.91076923076923,20.29615384615385,10.529230769230768,37.31153846153847,25.653846153846153,5.44076923076923,27.108624615384613
2026-08-03T18:20:00.000Z,MCT2408027,15.275556,74.1075,29.76923076923077,1161.8723076923077,526.9230769230769,89.98306538461537,6.579999999999999,12.893846153846159,6.827692307692309,23.80923076923077,14.061538461538463,2.95,27.10119769230769
2026-08-03T18:20:00.000Z,MCT2408040,15.528056,74.020833,18.666666666666668,100,443.5833333333333,88.53773583333333,7.708333333333335,4.624999999999999,3.07,8.770000000000001,4.055000000000001,3.5,27.6036275
2026-08-03T18:20:00.000Z,MCT2408044,15.313669,74.140042,25.083333333333332,214.29,465.0833333333333,92.69766083333336,10.589999999999998,3.4291666666666667,3.0150000000000006,8.708333333333334,5.361666666666667,4.93429475,26.501623333333338
2026-08-03T18:20:00.000Z,MCT2408049,15.475278,74.055833,56.666666666666664,150.22796666666667,473.5,88.58160333333335,24.08666666666667,14.751666666666665,6.964166666666667,22.7925,12.789166666666667,2.61,27.456157500000003
2026-08-03T18:20:00.000Z,MCT2408046,15.529167,74.07,31.473684210526315,397.7126315789473,604.6315789473684,88.48723999999999,13.84295263157895,10.000000526315793,9.572368421052632,28.526315789473685,14.847645263157894,4.341578947368421,28.08569210526316
2026-08-03T18:20:00.000Z,MCT2408037,15.394444,74.118333,26.166666666666668,160.22753333333335,439.8333333333333,86.70032083333332,10.701666666666668,215.44333333333336,6.9375,26.985000000000003,14.865,3.7883333333333327,26.95654833333333
2026-08-03T18:20:00.000Z,MCT2408042,15.213889,74.071667,58.92307692307692,262.13846153846146,452.61538461538464,89.23421076923077,25.135384615384616,16.34923076923077,4.549999999999999,15.221538461538461,8.83,3.7723076923076917,27.121822307692305
2026-08-03T18:20:00.000Z,MCT2408033,15.346944,74.007778,19.666666666666668,116.22946666666668,519.25,89.16970416666665,7.999166666666667,38.51280416666666,4.342500000000001,12.349166666666667,8.188333333333334,4.39,27.463309166666665
2026-08-03T18:20:00.000Z,MCT2408041,15.224628,74.171389,32.69230769230769,437.51378461538457,461,90.22016461538462,13.722307692307693,9.700000000000001,8.090000000000002,23.42769230769231,12.068461538461538,8.122307692307693,27.01704846153846
2026-08-03T18:20:00.000Z,MCT2408024,15.148056,74.131667,40.578947368421055,220.2034947368421,595.2105263157895,80.33342526315789,17.51789842105263,5,5,16.09526315789474,9.095263157894736,2.540526315789473,27.721602631578943
2026-08-03T18:20:00.000Z,MCT2408022,15.475833,74.038889,33.666666666666664,150,424.9166666666667,91.09358250000001,4.190833333333333,11.698962499999999,9.25,30.833333333333332,17.666666666666668,4.265462333333334,26.857341666666667
2026-08-03T18:20:00.000Z,MCT2408045,15.619444,73.878889,28.307692307692307,178.11999999999995,594.1538461538462,86.92954538461537,12.122307692307693,17.14076923076923,4.838461538461539,17.504615384615384,9.69923076923077,2.5300000000000002,27.751303076923076
2026-08-03T18:20:00.000Z,MCT2408036,15.171567,74.067106,37.333333333333336,120,507.0833333333333,90.70957,10.353333333333333,7.100000000000001,3.114166666666667,10.89,6.501666666666668,11.843333333333334,26.337173333333336
2026-08-03T18:20:00.000Z,MCT2408032,15.525556,73.828611,34.421052631578945,189.66684210526319,728.8947368421053,88.06240263157895,14.366315789473687,39.39842105263159,7.120000000000002,19.911052631578944,9.911052631578949,2.783157894736842,28.29003
2026-08-03T18:20:00.000Z,MCT2408031,15.290833,74.149167,20.166666666666668,192.99547500000006,451,87.79069,7.304335416666667,13.113520000000001,6.27,17.39166666666667,10.040000000000001,5.675000000000001,26.39348
2026-08-03T18:20:00.000Z,MCT2408035,15.236111,74.125,49.333333333333336,190,577.6666666666666,88.38896166666667,20.908512499999997,52.944764166666666,3.7999999999999994,10.19,4.909999999999999,3.8299999999999987,27.22467166666667
2026-08-03T18:20:00.000Z,MCT2408039,15.163611,74.110833,29,373.62999999999994,445.5,84.46554583333334,8.005,10.299999999999999,9.019999999999998,28.94,11.76,2.3000000000000003,27.049497499999998
2026-08-03T18:20:00.000Z,MCT2408038,15.188889,74.055556,33.07692307692308,414.56384615384616,603.9230769230769,90.02708153846153,14.161538461538461,13.330000000000004,5.950000000000002,16.900000000000002,7.939999999999999,4.792307692307692,26.867723076923077
